0.02415	-0.066
0.0241504	-0.066
0.0241508	-0.066
0.0241512	-0.068
0.0241516	-0.068
0.024152	-0.068
0.0241524	-0.068
0.0241528	-0.066
0.0241532	-0.066
0.0241536	-0.066
0.024154	-0.066
0.0241544	-0.068
0.0241548	-0.068
0.0241552	-0.068
0.0241556	-0.068
0.024156	-0.066
0.0241564	-0.066
0.0241568	-0.066
0.0241572	-0.066
0.0241576	-0.064
0.024158	-0.064
0.0241584	-0.066
0.0241588	-0.066
0.0241592	-0.066
0.0241596	-0.066
0.02416	-0.066
0.0241604	-0.066
0.0241608	-0.066
0.0241612	-0.066
0.0241616	-0.064
0.024162	-0.064
0.0241624	-0.066
0.0241628	-0.066
0.0241632	-0.066
0.0241636	-0.066
0.024164	-0.066
0.0241644	-0.066
0.0241648	-0.064
0.0241652	-0.064
0.0241656	-0.066
0.024166	-0.066
0.0241664	-0.066
0.0241668	-0.066
0.0241672	-0.066
0.0241676	-0.066
0.024168	-0.064
0.0241684	-0.064
0.0241688	-0.068
0.0241692	-0.068
0.0241696	-0.066
0.02417	-0.066
0.0241704	-0.066
0.0241708	-0.066
0.0241712	-0.068
0.0241716	-0.068
0.024172	-0.066
0.0241724	-0.066
0.0241728	-0.064
0.0241732	-0.064
0.0241736	-0.064
0.024174	-0.064
0.0241744	-0.066
0.0241748	-0.066
0.0241752	-0.062
0.0241756	-0.062
0.024176	-0.066
0.0241764	-0.066
0.0241768	-0.062
0.0241772	-0.062
0.0241776	-0.064
0.024178	-0.064
0.0241784	-0.064
0.0241788	-0.064
0.0241792	-0.064
0.0241796	-0.064
0.02418	-0.064
0.0241804	-0.064
0.0241808	-0.064
0.0241812	-0.064
0.0241816	-0.062
0.024182	-0.062
0.0241824	-0.066
0.0241828	-0.066
0.0241832	-0.064
0.0241836	-0.064
0.024184	-0.064
0.0241844	-0.064
0.0241848	-0.064
0.0241852	-0.064
0.0241856	-0.062
0.024186	-0.062
0.0241864	-0.062
0.0241868	-0.062
0.0241872	-0.062
0.0241876	-0.062
0.024188	-0.064
0.0241884	-0.064
0.0241888	-0.062
0.0241892	-0.062
0.0241896	-0.062
0.02419	-0.062
0.0241904	-0.062
0.0241908	-0.062
0.0241912	-0.062
0.0241916	-0.062
0.024192	-0.062
0.0241924	-0.062
0.0241928	-0.064
0.0241932	-0.064
0.0241936	-0.064
0.024194	-0.064
0.0241944	-0.062
0.0241948	-0.062
0.0241952	-0.064
0.0241956	-0.064
0.024196	-0.062
0.0241964	-0.062
0.0241968	-0.062
0.0241972	-0.062
0.0241976	-0.062
0.024198	-0.062
0.0241984	-0.062
0.0241988	-0.062
0.0241992	-0.06
0.0241996	-0.06
0.0242	-0.062
0.0242004	-0.062
0.0242008	-0.062
0.0242012	-0.062
0.0242016	-0.062
0.024202	-0.062
0.0242024	-0.062
0.0242028	-0.062
0.0242032	-0.062
0.0242036	-0.062
0.024204	-0.06
0.0242044	-0.06
0.0242048	-0.062
0.0242052	-0.062
0.0242056	-0.064
0.024206	-0.064
0.0242064	-0.06
0.0242068	-0.06
0.0242072	-0.062
0.0242076	-0.062
0.024208	-0.062
0.0242084	-0.062
0.0242088	-0.06
0.0242092	-0.06
0.0242096	-0.062
0.02421	-0.062
0.0242104	-0.06
0.0242108	-0.06
0.0242112	-0.062
0.0242116	-0.062
0.024212	-0.062
0.0242124	-0.062
0.0242128	-0.062
0.0242132	-0.062
0.0242136	-0.062
0.024214	-0.062
0.0242144	-0.06
0.0242148	-0.06
0.0242152	-0.062
0.0242156	-0.062
0.024216	-0.06
0.0242164	-0.06
0.0242168	-0.06
0.0242172	-0.06
0.0242176	-0.06
0.024218	-0.06
0.0242184	-0.06
0.0242188	-0.06
0.0242192	-0.06
0.0242196	-0.06
0.02422	-0.062
0.0242204	-0.062
0.0242208	-0.06
0.0242212	-0.06
0.0242216	-0.06
0.024222	-0.06
0.0242224	-0.06
0.0242228	-0.06
0.0242232	-0.06
0.0242236	-0.06
0.024224	-0.058
0.0242244	-0.058
0.0242248	-0.06
0.0242252	-0.06
0.0242256	-0.06
0.024226	-0.06
0.0242264	-0.058
0.0242268	-0.058
0.0242272	-0.06
0.0242276	-0.06
0.024228	-0.06
0.0242284	-0.06
0.0242288	-0.06
0.0242292	-0.06
0.0242296	-0.06
0.02423	-0.06
0.0242304	-0.06
0.0242308	-0.06
0.0242312	-0.06
0.0242316	-0.06
0.024232	-0.058
0.0242324	-0.058
0.0242328	-0.058
0.0242332	-0.058
0.0242336	-0.058
0.024234	-0.058
0.0242344	-0.06
0.0242348	-0.06
0.0242352	-0.058
0.0242356	-0.058
0.024236	-0.056
0.0242364	-0.056
0.0242368	-0.058
0.0242372	-0.058
0.0242376	-0.058
0.024238	-0.058
0.0242384	-0.058
0.0242388	-0.058
0.0242392	-0.058
0.0242396	-0.058
0.02424	-0.06
0.0242404	-0.06
0.0242408	-0.058
0.0242412	-0.058
0.0242416	-0.056
0.024242	-0.056
0.0242424	-0.058
0.0242428	-0.058
0.0242432	-0.056
0.0242436	-0.056
0.024244	-0.058
0.0242444	-0.058
0.0242448	-0.058
0.0242452	-0.058
0.0242456	-0.056
0.024246	-0.056
0.0242464	-0.058
0.0242468	-0.058
0.0242472	-0.056
0.0242476	-0.056
0.024248	-0.058
0.0242484	-0.058
0.0242488	-0.058
0.0242492	-0.058
0.0242496	-0.056
0.02425	-0.056
0.0242504	-0.056
0.0242508	-0.056
0.0242512	-0.056
0.0242516	-0.056
0.024252	-0.056
0.0242524	-0.056
0.0242528	-0.058
0.0242532	-0.058
0.0242536	-0.054
0.024254	-0.054
0.0242544	-0.056
0.0242548	-0.056
0.0242552	-0.056
0.0242556	-0.056
0.024256	-0.056
0.0242564	-0.056
0.0242568	-0.056
0.0242572	-0.056
0.0242576	-0.056
0.024258	-0.056
0.0242584	-0.054
0.0242588	-0.054
0.0242592	-0.056
0.0242596	-0.056
0.02426	-0.058
0.0242604	-0.058
0.0242608	-0.056
0.0242612	-0.056
0.0242616	-0.054
0.024262	-0.054
0.0242624	-0.056
0.0242628	-0.056
0.0242632	-0.058
0.0242636	-0.058
0.024264	-0.054
0.0242644	-0.054
0.0242648	-0.054
0.0242652	-0.054
0.0242656	-0.056
0.024266	-0.056
0.0242664	-0.054
0.0242668	-0.054
0.0242672	-0.056
0.0242676	-0.056
0.024268	-0.054
0.0242684	-0.054
0.0242688	-0.056
0.0242692	-0.056
0.0242696	-0.054
0.02427	-0.054
0.0242704	-0.054
0.0242708	-0.054
0.0242712	-0.056
0.0242716	-0.056
0.024272	-0.052
0.0242724	-0.052
0.0242728	-0.056
0.0242732	-0.056
0.0242736	-0.056
0.024274	-0.056
0.0242744	-0.054
0.0242748	-0.054
0.0242752	-0.054
0.0242756	-0.054
0.024276	-0.054
0.0242764	-0.054
0.0242768	-0.054
0.0242772	-0.054
0.0242776	-0.054
0.024278	-0.054
0.0242784	-0.054
0.0242788	-0.054
0.0242792	-0.054
0.0242796	-0.054
0.02428	-0.054
0.0242804	-0.054
0.0242808	-0.054
0.0242812	-0.054
0.0242816	-0.054
0.024282	-0.054
0.0242824	-0.054
0.0242828	-0.054
0.0242832	-0.054
0.0242836	-0.054
0.024284	-0.054
0.0242844	-0.054
0.0242848	-0.054
0.0242852	-0.054
0.0242856	-0.054
0.024286	-0.054
0.0242864	-0.054
0.0242868	-0.054
0.0242872	-0.054
0.0242876	-0.054
0.024288	-0.052
0.0242884	-0.052
0.0242888	-0.052
0.0242892	-0.052
0.0242896	-0.054
0.02429	-0.054
0.0242904	-0.054
0.0242908	-0.054
0.0242912	-0.052
0.0242916	-0.052
0.024292	-0.054
0.0242924	-0.054
0.0242928	-0.052
0.0242932	-0.052
0.0242936	-0.052
0.024294	-0.052
0.0242944	-0.054
0.0242948	-0.054
0.0242952	-0.052
0.0242956	-0.052
0.024296	-0.054
0.0242964	-0.054
0.0242968	-0.052
0.0242972	-0.052
0.0242976	-0.052
0.024298	-0.052
0.0242984	-0.054
0.0242988	-0.054
0.0242992	-0.052
0.0242996	-0.052
0.0243	-0.052
0.0243004	-0.052
0.0243008	-0.052
0.0243012	-0.052
0.0243016	-0.052
0.024302	-0.052
0.0243024	-0.052
0.0243028	-0.052
0.0243032	-0.052
0.0243036	-0.052
0.024304	-0.052
0.0243044	-0.052
0.0243048	-0.052
0.0243052	-0.052
0.0243056	-0.052
0.024306	-0.052
0.0243064	-0.052
0.0243068	-0.052
0.0243072	-0.052
0.0243076	-0.052
0.024308	-0.052
0.0243084	-0.052
0.0243088	-0.052
0.0243092	-0.052
0.0243096	-0.05
0.02431	-0.05
0.0243104	-0.048
0.0243108	-0.048
0.0243112	-0.052
0.0243116	-0.052
0.024312	-0.052
0.0243124	-0.052
0.0243128	-0.05
0.0243132	-0.05
0.0243136	-0.052
0.024314	-0.052
0.0243144	-0.052
0.0243148	-0.052
0.0243152	-0.05
0.0243156	-0.05
0.024316	-0.05
0.0243164	-0.05
0.0243168	-0.052
0.0243172	-0.052
0.0243176	-0.052
0.024318	-0.052
0.0243184	-0.052
0.0243188	-0.052
0.0243192	-0.052
0.0243196	-0.052
0.02432	-0.052
0.0243204	-0.052
0.0243208	-0.048
0.0243212	-0.048
0.0243216	-0.05
0.024322	-0.05
0.0243224	-0.05
0.0243228	-0.05
0.0243232	-0.05
0.0243236	-0.05
0.024324	-0.05
0.0243244	-0.05
0.0243248	-0.048
0.0243252	-0.048
0.0243256	-0.05
0.024326	-0.05
0.0243264	-0.048
0.0243268	-0.048
0.0243272	-0.05
0.0243276	-0.05
0.024328	-0.05
0.0243284	-0.05
0.0243288	-0.05
0.0243292	-0.05
0.0243296	-0.046
0.02433	-0.046
0.0243304	-0.048
0.0243308	-0.048
0.0243312	-0.052
0.0243316	-0.052
0.024332	-0.046
0.0243324	-0.046
0.0243328	-0.05
0.0243332	-0.05
0.0243336	-0.048
0.024334	-0.048
0.0243344	-0.048
0.0243348	-0.048
0.0243352	-0.048
0.0243356	-0.048
0.024336	-0.046
0.0243364	-0.046
0.0243368	-0.046
0.0243372	-0.046
0.0243376	-0.048
0.024338	-0.048
0.0243384	-0.048
0.0243388	-0.048
0.0243392	-0.046
0.0243396	-0.046
0.02434	-0.048
0.0243404	-0.048
0.0243408	-0.046
0.0243412	-0.046
0.0243416	-0.046
0.024342	-0.046
0.0243424	-0.046
0.0243428	-0.046
0.0243432	-0.046
0.0243436	-0.046
0.024344	-0.046
0.0243444	-0.046
0.0243448	-0.048
0.0243452	-0.048
0.0243456	-0.048
0.024346	-0.048
0.0243464	-0.046
0.0243468	-0.046
0.0243472	-0.048
0.0243476	-0.048
0.024348	-0.046
0.0243484	-0.046
0.0243488	-0.044
0.0243492	-0.044
0.0243496	-0.046
0.02435	-0.046
0.0243504	-0.046
0.0243508	-0.046
0.0243512	-0.044
0.0243516	-0.044
0.024352	-0.046
0.0243524	-0.046
0.0243528	-0.046
0.0243532	-0.046
0.0243536	-0.046
0.024354	-0.046
0.0243544	-0.046
0.0243548	-0.046
0.0243552	-0.044
0.0243556	-0.044
0.024356	-0.044
0.0243564	-0.044
0.0243568	-0.046
0.0243572	-0.046
0.0243576	-0.046
0.024358	-0.046
0.0243584	-0.044
0.0243588	-0.044
0.0243592	-0.044
0.0243596	-0.044
0.02436	-0.044
0.0243604	-0.044
0.0243608	-0.044
0.0243612	-0.044
0.0243616	-0.044
0.024362	-0.044
0.0243624	-0.048
0.0243628	-0.048
0.0243632	-0.044
0.0243636	-0.044
0.024364	-0.044
0.0243644	-0.044
0.0243648	-0.044
0.0243652	-0.044
0.0243656	-0.044
0.024366	-0.044
0.0243664	-0.042
0.0243668	-0.042
0.0243672	-0.042
0.0243676	-0.042
0.024368	-0.044
0.0243684	-0.044
0.0243688	-0.044
0.0243692	-0.044
0.0243696	-0.046
0.02437	-0.046
0.0243704	-0.044
0.0243708	-0.044
0.0243712	-0.044
0.0243716	-0.044
0.024372	-0.044
0.0243724	-0.044
0.0243728	-0.044
0.0243732	-0.044
0.0243736	-0.044
0.024374	-0.044
0.0243744	-0.044
0.0243748	-0.044
0.0243752	-0.044
0.0243756	-0.044
0.024376	-0.044
0.0243764	-0.044
0.0243768	-0.044
0.0243772	-0.044
0.0243776	-0.042
0.024378	-0.042
0.0243784	-0.042
0.0243788	-0.042
0.0243792	-0.044
0.0243796	-0.044
0.02438	-0.042
0.0243804	-0.042
0.0243808	-0.042
0.0243812	-0.042
0.0243816	-0.044
0.024382	-0.044
0.0243824	-0.044
0.0243828	-0.044
0.0243832	-0.046
0.0243836	-0.046
0.024384	-0.042
0.0243844	-0.042
0.0243848	-0.042
0.0243852	-0.042
0.0243856	-0.042
0.024386	-0.042
0.0243864	-0.042
0.0243868	-0.042
0.0243872	-0.044
0.0243876	-0.044
0.024388	-0.042
0.0243884	-0.042
0.0243888	-0.042
0.0243892	-0.042
0.0243896	-0.042
0.02439	-0.042
0.0243904	-0.042
0.0243908	-0.042
0.0243912	-0.042
0.0243916	-0.042
0.024392	-0.042
0.0243924	-0.042
0.0243928	-0.044
0.0243932	-0.044
0.0243936	-0.042
0.024394	-0.042
0.0243944	-0.042
0.0243948	-0.042
0.0243952	-0.042
0.0243956	-0.042
0.024396	-0.042
0.0243964	-0.042
0.0243968	-0.04
0.0243972	-0.04
0.0243976	-0.04
0.024398	-0.04
0.0243984	-0.042
0.0243988	-0.042
0.0243992	-0.04
0.0243996	-0.04
0.0244	-0.04
0.0244004	-0.04
0.0244008	-0.042
0.0244012	-0.042
0.0244016	-0.04
0.024402	-0.04
0.0244024	-0.04
0.0244028	-0.04
0.0244032	-0.04
0.0244036	-0.04
0.024404	-0.042
0.0244044	-0.042
0.0244048	-0.04
0.0244052	-0.04
0.0244056	-0.04
0.024406	-0.04
0.0244064	-0.04
0.0244068	-0.04
0.0244072	-0.04
0.0244076	-0.04
0.024408	-0.038
0.0244084	-0.038
0.0244088	-0.04
0.0244092	-0.04
0.0244096	-0.04
0.02441	-0.04
0.0244104	-0.038
0.0244108	-0.038
0.0244112	-0.04
0.0244116	-0.04
0.024412	-0.04
0.0244124	-0.04
0.0244128	-0.038
0.0244132	-0.038
0.0244136	-0.04
0.024414	-0.04
0.0244144	-0.04
0.0244148	-0.04
0.0244152	-0.038
0.0244156	-0.038
0.024416	-0.038
0.0244164	-0.038
0.0244168	-0.04
0.0244172	-0.04
0.0244176	-0.04
0.024418	-0.04
0.0244184	-0.038
0.0244188	-0.038
0.0244192	-0.038
0.0244196	-0.038
0.02442	-0.038
0.0244204	-0.038
0.0244208	-0.038
0.0244212	-0.038
0.0244216	-0.038
0.024422	-0.038
0.0244224	-0.036
0.0244228	-0.036
0.0244232	-0.038
0.0244236	-0.038
0.024424	-0.038
0.0244244	-0.038
0.0244248	-0.038
0.0244252	-0.038
0.0244256	-0.038
0.024426	-0.038
0.0244264	-0.038
0.0244268	-0.038
0.0244272	-0.038
0.0244276	-0.038
0.024428	-0.036
0.0244284	-0.036
0.0244288	-0.04
0.0244292	-0.04
0.0244296	-0.036
0.02443	-0.036
0.0244304	-0.036
0.0244308	-0.036
0.0244312	-0.038
0.0244316	-0.038
0.024432	-0.036
0.0244324	-0.036
0.0244328	-0.034
0.0244332	-0.034
0.0244336	-0.036
0.024434	-0.036
0.0244344	-0.038
0.0244348	-0.038
0.0244352	-0.036
0.0244356	-0.036
0.024436	-0.036
0.0244364	-0.036
0.0244368	-0.038
0.0244372	-0.038
0.0244376	-0.036
0.024438	-0.036
0.0244384	-0.036
0.0244388	-0.036
0.0244392	-0.034
0.0244396	-0.034
0.02444	-0.038
0.0244404	-0.038
0.0244408	-0.036
0.0244412	-0.036
0.0244416	-0.036
0.024442	-0.036
0.0244424	-0.038
0.0244428	-0.038
0.0244432	-0.036
0.0244436	-0.036
0.024444	-0.036
0.0244444	-0.036
0.0244448	-0.036
0.0244452	-0.036
0.0244456	-0.036
0.024446	-0.036
0.0244464	-0.036
0.0244468	-0.036
0.0244472	-0.034
0.0244476	-0.034
0.024448	-0.036
0.0244484	-0.036
0.0244488	-0.036
0.0244492	-0.036
0.0244496	-0.036
0.02445	-0.036
0.0244504	-0.034
0.0244508	-0.034
0.0244512	-0.034
0.0244516	-0.034
0.024452	-0.036
0.0244524	-0.036
0.0244528	-0.036
0.0244532	-0.036
0.0244536	-0.034
0.024454	-0.034
0.0244544	-0.032
0.0244548	-0.032
0.0244552	-0.034
0.0244556	-0.034
0.024456	-0.034
0.0244564	-0.034
0.0244568	-0.032
0.0244572	-0.032
0.0244576	-0.032
0.024458	-0.032
0.0244584	-0.032
0.0244588	-0.032
0.0244592	-0.032
0.0244596	-0.032
0.02446	-0.032
0.0244604	-0.032
0.0244608	-0.032
0.0244612	-0.032
0.0244616	-0.03
0.024462	-0.03
0.0244624	-0.032
0.0244628	-0.032
0.0244632	-0.03
0.0244636	-0.03
0.024464	-0.03
0.0244644	-0.03
0.0244648	-0.03
0.0244652	-0.03
0.0244656	-0.03
0.024466	-0.03
0.0244664	-0.028
0.0244668	-0.028
0.0244672	-0.028
0.0244676	-0.028
0.024468	-0.028
0.0244684	-0.028
0.0244688	-0.028
0.0244692	-0.028
0.0244696	-0.024
0.02447	-0.024
0.0244704	-0.028
0.0244708	-0.028
0.0244712	-0.028
0.0244716	-0.028
0.024472	-0.028
0.0244724	-0.028
0.0244728	-0.028
0.0244732	-0.028
0.0244736	-0.026
0.024474	-0.026
0.0244744	-0.026
0.0244748	-0.026
0.0244752	-0.026
0.0244756	-0.026
0.024476	-0.026
0.0244764	-0.026
0.0244768	-0.024
0.0244772	-0.024
0.0244776	-0.024
0.024478	-0.024
0.0244784	-0.024
0.0244788	-0.024
0.0244792	-0.024
0.0244796	-0.024
0.02448	-0.022
0.0244804	-0.022
0.0244808	-0.022
0.0244812	-0.022
0.0244816	-0.022
0.024482	-0.022
0.0244824	-0.02
0.0244828	-0.02
0.0244832	-0.02
0.0244836	-0.02
0.024484	-0.02
0.0244844	-0.02
0.0244848	-0.02
0.0244852	-0.02
0.0244856	-0.018
0.024486	-0.018
0.0244864	-0.02
0.0244868	-0.02
0.0244872	-0.016
0.0244876	-0.016
0.024488	-0.014
0.0244884	-0.014
0.0244888	-0.016
0.0244892	-0.016
0.0244896	-0.014
0.02449	-0.014
0.0244904	-0.014
0.0244908	-0.014
0.0244912	-0.014
0.0244916	-0.014
0.024492	-0.014
0.0244924	-0.014
0.0244928	-0.01
0.0244932	-0.01
0.0244936	-0.01
0.024494	-0.01
0.0244944	-0.01
0.0244948	-0.01
0.0244952	-0.008
0.0244956	-0.008
0.024496	-0.012
0.0244964	-0.012
0.0244968	-0.006
0.0244972	-0.006
0.0244976	-0.006
0.024498	-0.006
0.0244984	-0.006
0.0244988	-0.006
0.0244992	-0.006
0.0244996	-0.006
0.0245	-0.006
0.0245004	-0.006
0.0245008	-0.006
0.0245012	-0.006
0.0245016	-0.004
0.024502	-0.004
0.0245024	-0.002
0.0245028	-0.002
0.0245032	-0.002
0.0245036	-0.002
0.024504	0.002
0.0245044	0.002
0.0245048	0.002
0.0245052	0.002
0.0245056	0.002
0.024506	0.002
0.0245064	0.004
0.0245068	0.004
0.0245072	0.004
0.0245076	0.004
0.024508	0.004
0.0245084	0.004
0.0245088	0.006
0.0245092	0.006
0.0245096	0.006
0.02451	0.006
0.0245104	0.006
0.0245108	0.006
0.0245112	0.008
0.0245116	0.008
0.024512	0.01
0.0245124	0.01
0.0245128	0.01
0.0245132	0.01
0.0245136	0.01
0.024514	0.01
0.0245144	0.012
0.0245148	0.012
0.0245152	0.01
0.0245156	0.01
0.024516	0.014
0.0245164	0.014
0.0245168	0.014
0.0245172	0.014
0.0245176	0.018
0.024518	0.018
0.0245184	0.018
0.0245188	0.018
0.0245192	0.02
0.0245196	0.02
0.02452	0.02
0.0245204	0.02
0.0245208	0.024
0.0245212	0.024
0.0245216	0.022
0.024522	0.022
0.0245224	0.022
0.0245228	0.022
0.0245232	0.026
0.0245236	0.026
0.024524	0.026
0.0245244	0.026
0.0245248	0.03
0.0245252	0.03
0.0245256	0.028
0.024526	0.028
0.0245264	0.028
0.0245268	0.028
0.0245272	0.032
0.0245276	0.032
0.024528	0.032
0.0245284	0.032
0.0245288	0.032
0.0245292	0.032
0.0245296	0.036
0.02453	0.036
0.0245304	0.036
0.0245308	0.036
0.0245312	0.038
0.0245316	0.038
0.024532	0.038
0.0245324	0.038
0.0245328	0.038
0.0245332	0.038
0.0245336	0.04
0.024534	0.04
0.0245344	0.04
0.0245348	0.04
0.0245352	0.044
0.0245356	0.044
0.024536	0.044
0.0245364	0.044
0.0245368	0.044
0.0245372	0.044
0.0245376	0.044
0.024538	0.044
0.0245384	0.048
0.0245388	0.048
0.0245392	0.046
0.0245396	0.046
0.02454	0.048
0.0245404	0.048
0.0245408	0.05
0.0245412	0.05
0.0245416	0.05
0.024542	0.05
0.0245424	0.052
0.0245428	0.052
0.0245432	0.05
0.0245436	0.05
0.024544	0.05
0.0245444	0.05
0.0245448	0.052
0.0245452	0.052
0.0245456	0.054
0.024546	0.054
0.0245464	0.052
0.0245468	0.052
0.0245472	0.056
0.0245476	0.056
0.024548	0.056
0.0245484	0.056
0.0245488	0.056
0.0245492	0.056
0.0245496	0.056
0.02455	0.056
0.0245504	0.056
0.0245508	0.056
0.0245512	0.058
0.0245516	0.058
0.024552	0.06
0.0245524	0.06
0.0245528	0.06
0.0245532	0.06
0.0245536	0.056
0.024554	0.056
0.0245544	0.06
0.0245548	0.06
0.0245552	0.062
0.0245556	0.062
0.024556	0.062
0.0245564	0.062
0.0245568	0.06
0.0245572	0.06
0.0245576	0.062
0.024558	0.062
0.0245584	0.062
0.0245588	0.062
0.0245592	0.064
0.0245596	0.064
0.02456	0.064
0.0245604	0.064
0.0245608	0.062
0.0245612	0.062
0.0245616	0.06
0.024562	0.06
0.0245624	0.062
0.0245628	0.062
0.0245632	0.062
0.0245636	0.062
0.024564	0.062
0.0245644	0.062
0.0245648	0.064
0.0245652	0.064
0.0245656	0.064
0.024566	0.064
0.0245664	0.064
0.0245668	0.064
0.0245672	0.062
0.0245676	0.062
0.024568	0.06
0.0245684	0.06
0.0245688	0.062
0.0245692	0.062
0.0245696	0.06
0.02457	0.06
0.0245704	0.064
0.0245708	0.064
0.0245712	0.062
0.0245716	0.062
0.024572	0.06
0.0245724	0.06
0.0245728	0.06
0.0245732	0.06
0.0245736	0.06
0.024574	0.06
0.0245744	0.06
0.0245748	0.06
0.0245752	0.054
0.0245756	0.054
0.024576	0.056
0.0245764	0.056
0.0245768	0.056
0.0245772	0.056
0.0245776	0.056
0.024578	0.056
0.0245784	0.054
0.0245788	0.054
0.0245792	0.054
0.0245796	0.054
0.02458	0.052
0.0245804	0.052
0.0245808	0.05
0.0245812	0.05
0.0245816	0.05
0.024582	0.05
0.0245824	0.052
0.0245828	0.052
0.0245832	0.052
0.0245836	0.052
0.024584	0.05
0.0245844	0.05
0.0245848	0.05
0.0245852	0.05
0.0245856	0.048
0.024586	0.048
0.0245864	0.048
0.0245868	0.048
0.0245872	0.046
0.0245876	0.046
0.024588	0.046
0.0245884	0.046
0.0245888	0.044
0.0245892	0.044
0.0245896	0.044
0.02459	0.044
0.0245904	0.042
0.0245908	0.042
0.0245912	0.04
0.0245916	0.04
0.024592	0.042
0.0245924	0.042
0.0245928	0.04
0.0245932	0.04
0.0245936	0.038
0.024594	0.038
0.0245944	0.038
0.0245948	0.038
0.0245952	0.038
0.0245956	0.038
0.024596	0.036
0.0245964	0.036
0.0245968	0.036
0.0245972	0.036
0.0245976	0.034
0.024598	0.034
0.0245984	0.03
0.0245988	0.03
0.0245992	0.03
0.0245996	0.03
0.0246	0.032
0.0246004	0.032
0.0246008	0.03
0.0246012	0.03
0.0246016	0.028
0.024602	0.028
0.0246024	0.026
0.0246028	0.026
0.0246032	0.026
0.0246036	0.026
0.024604	0.026
0.0246044	0.026
0.0246048	0.026
0.0246052	0.026
0.0246056	0.026
0.024606	0.026
0.0246064	0.024
0.0246068	0.024
0.0246072	0.024
0.0246076	0.024
0.024608	0.022
0.0246084	0.022
0.0246088	0.02
0.0246092	0.02
0.0246096	0.02
0.02461	0.02
0.0246104	0.02
0.0246108	0.02
0.0246112	0.022
0.0246116	0.022
0.024612	0.018
0.0246124	0.018
0.0246128	0.018
0.0246132	0.018
0.0246136	0.018
0.024614	0.018
0.0246144	0.018
0.0246148	0.018
0.0246152	0.018
0.0246156	0.018
0.024616	0.018
0.0246164	0.018
0.0246168	0.014
0.0246172	0.014
0.0246176	0.018
0.024618	0.018
0.0246184	0.014
0.0246188	0.014
0.0246192	0.014
0.0246196	0.014
0.02462	0.012
0.0246204	0.012
0.0246208	0.012
0.0246212	0.012
0.0246216	0.014
0.024622	0.014
0.0246224	0.012
0.0246228	0.012
0.0246232	0.014
0.0246236	0.014
0.024624	0.012
0.0246244	0.012
0.0246248	0.012
0.0246252	0.012
0.0246256	0.012
0.024626	0.012
0.0246264	0.01
0.0246268	0.01
0.0246272	0.012
0.0246276	0.012
0.024628	0.014
0.0246284	0.014
0.0246288	0.014
0.0246292	0.014
0.0246296	0.012
0.02463	0.012
0.0246304	0.014
0.0246308	0.014
0.0246312	0.016
0.0246316	0.016
0.024632	0.016
0.0246324	0.016
0.0246328	0.012
0.0246332	0.012
0.0246336	0.016
0.024634	0.016
0.0246344	0.018
0.0246348	0.018
0.0246352	0.016
0.0246356	0.016
0.024636	0.018
0.0246364	0.018
0.0246368	0.018
0.0246372	0.018
0.0246376	0.02
0.024638	0.02
0.0246384	0.018
0.0246388	0.018
0.0246392	0.022
0.0246396	0.022
0.02464	0.022
0.0246404	0.022
0.0246408	0.022
0.0246412	0.022
0.0246416	0.024
0.024642	0.024
0.0246424	0.026
0.0246428	0.026
0.0246432	0.026
0.0246436	0.026
0.024644	0.026
0.0246444	0.026
0.0246448	0.03
0.0246452	0.03
0.0246456	0.03
0.024646	0.03
0.0246464	0.034
0.0246468	0.034
0.0246472	0.032
0.0246476	0.032
0.024648	0.036
0.0246484	0.036
0.0246488	0.038
0.0246492	0.038
0.0246496	0.04
0.02465	0.04
0.0246504	0.042
0.0246508	0.042
0.0246512	0.042
0.0246516	0.042
0.024652	0.044
0.0246524	0.044
0.0246528	0.048
0.0246532	0.048
0.0246536	0.048
0.024654	0.048
0.0246544	0.05
0.0246548	0.05
0.0246552	0.05
0.0246556	0.05
0.024656	0.054
0.0246564	0.054
0.0246568	0.058
0.0246572	0.058
0.0246576	0.062
0.024658	0.062
0.0246584	0.064
0.0246588	0.064
0.0246592	0.066
0.0246596	0.066
0.02466	0.066
0.0246604	0.066
0.0246608	0.07
0.0246612	0.07
0.0246616	0.072
0.024662	0.072
0.0246624	0.076
0.0246628	0.076
0.0246632	0.076
0.0246636	0.076
0.024664	0.08
0.0246644	0.08
0.0246648	0.082
0.0246652	0.082
0.0246656	0.084
0.024666	0.084
0.0246664	0.086
0.0246668	0.086
0.0246672	0.09
0.0246676	0.09
0.024668	0.092
0.0246684	0.092
0.0246688	0.096
0.0246692	0.096
0.0246696	0.094
0.02467	0.094
0.0246704	0.102
0.0246708	0.102
0.0246712	0.102
0.0246716	0.102
0.024672	0.104
0.0246724	0.104
0.0246728	0.106
0.0246732	0.106
0.0246736	0.11
0.024674	0.11
0.0246744	0.112
0.0246748	0.112
0.0246752	0.114
0.0246756	0.114
0.024676	0.116
0.0246764	0.116
0.0246768	0.12
0.0246772	0.12
0.0246776	0.124
0.024678	0.124
0.0246784	0.126
0.0246788	0.126
0.0246792	0.13
0.0246796	0.13
0.02468	0.13
0.0246804	0.13
0.0246808	0.132
0.0246812	0.132
0.0246816	0.134
0.024682	0.134
0.0246824	0.138
0.0246828	0.138
0.0246832	0.14
0.0246836	0.14
0.024684	0.142
0.0246844	0.142
0.0246848	0.142
0.0246852	0.142
0.0246856	0.146
0.024686	0.146
0.0246864	0.148
0.0246868	0.148
0.0246872	0.148
0.0246876	0.148
0.024688	0.152
0.0246884	0.152
0.0246888	0.154
0.0246892	0.154
0.0246896	0.156
0.02469	0.156
0.0246904	0.158
0.0246908	0.158
0.0246912	0.16
0.0246916	0.16
0.024692	0.162
0.0246924	0.162
0.0246928	0.162
0.0246932	0.162
0.0246936	0.164
0.024694	0.164
0.0246944	0.166
0.0246948	0.166
0.0246952	0.168
0.0246956	0.168
0.024696	0.168
0.0246964	0.168
0.0246968	0.17
0.0246972	0.17
0.0246976	0.17
0.024698	0.17
0.0246984	0.172
0.0246988	0.172
0.0246992	0.172
0.0246996	0.172
0.0247	0.176
0.0247004	0.176
0.0247008	0.174
0.0247012	0.174
0.0247016	0.176
0.024702	0.176
0.0247024	0.176
0.0247028	0.176
0.0247032	0.176
0.0247036	0.176
0.024704	0.178
0.0247044	0.178
0.0247048	0.178
0.0247052	0.178
0.0247056	0.176
0.024706	0.176
0.0247064	0.178
0.0247068	0.178
0.0247072	0.176
0.0247076	0.176
0.024708	0.178
0.0247084	0.178
0.0247088	0.178
0.0247092	0.178
0.0247096	0.176
0.02471	0.176
0.0247104	0.178
0.0247108	0.178
0.0247112	0.178
0.0247116	0.178
0.024712	0.176
0.0247124	0.176
0.0247128	0.176
0.0247132	0.176
0.0247136	0.176
0.024714	0.176
0.0247144	0.176
0.0247148	0.176
0.0247152	0.172
0.0247156	0.172
0.024716	0.172
0.0247164	0.172
0.0247168	0.172
0.0247172	0.172
0.0247176	0.17
0.024718	0.17
0.0247184	0.17
0.0247188	0.17
0.0247192	0.168
0.0247196	0.168
0.02472	0.166
0.0247204	0.166
0.0247208	0.166
0.0247212	0.166
0.0247216	0.164
0.024722	0.164
0.0247224	0.162
0.0247228	0.162
0.0247232	0.16
0.0247236	0.16
0.024724	0.158
0.0247244	0.158
0.0247248	0.156
0.0247252	0.156
0.0247256	0.156
0.024726	0.156
0.0247264	0.154
0.0247268	0.154
0.0247272	0.152
0.0247276	0.152
0.024728	0.148
0.0247284	0.148
0.0247288	0.148
0.0247292	0.148
0.0247296	0.144
0.02473	0.144
0.0247304	0.142
0.0247308	0.142
0.0247312	0.14
0.0247316	0.14
0.024732	0.14
0.0247324	0.14
0.0247328	0.136
0.0247332	0.136
0.0247336	0.136
0.024734	0.136
0.0247344	0.132
0.0247348	0.132
0.0247352	0.132
0.0247356	0.132
0.024736	0.128
0.0247364	0.128
0.0247368	0.126
0.0247372	0.126
0.0247376	0.124
0.024738	0.124
0.0247384	0.122
0.0247388	0.122
0.0247392	0.12
0.0247396	0.12
0.02474	0.114
0.0247404	0.114
0.0247408	0.114
0.0247412	0.114
0.0247416	0.112
0.024742	0.112
0.0247424	0.108
0.0247428	0.108
0.0247432	0.106
0.0247436	0.106
0.024744	0.104
0.0247444	0.104
0.0247448	0.1
0.0247452	0.1
0.0247456	0.1
0.024746	0.1
0.0247464	0.098
0.0247468	0.098
0.0247472	0.096
0.0247476	0.096
0.024748	0.092
0.0247484	0.092
0.0247488	0.092
0.0247492	0.092
0.0247496	0.09
0.02475	0.09
0.0247504	0.088
0.0247508	0.088
0.0247512	0.084
0.0247516	0.084
0.024752	0.082
0.0247524	0.082
0.0247528	0.078
0.0247532	0.078
0.0247536	0.076
0.024754	0.076
0.0247544	0.076
0.0247548	0.076
0.0247552	0.074
0.0247556	0.074
0.024756	0.07
0.0247564	0.07
0.0247568	0.07
0.0247572	0.07
0.0247576	0.068
0.024758	0.068
0.0247584	0.066
0.0247588	0.066
0.0247592	0.064
0.0247596	0.064
0.02476	0.062
0.0247604	0.062
0.0247608	0.06
0.0247612	0.06
0.0247616	0.056
0.024762	0.056
0.0247624	0.054
0.0247628	0.054
0.0247632	0.054
0.0247636	0.054
0.024764	0.052
0.0247644	0.052
0.0247648	0.05
0.0247652	0.05
0.0247656	0.048
0.024766	0.048
0.0247664	0.046
0.0247668	0.046
0.0247672	0.046
0.0247676	0.046
0.024768	0.044
0.0247684	0.044
0.0247688	0.042
0.0247692	0.042
0.0247696	0.04
0.02477	0.04
0.0247704	0.042
0.0247708	0.042
0.0247712	0.038
0.0247716	0.038
0.024772	0.036
0.0247724	0.036
0.0247728	0.034
0.0247732	0.034
0.0247736	0.034
0.024774	0.034
0.0247744	0.032
0.0247748	0.032
0.0247752	0.032
0.0247756	0.032
0.024776	0.028
0.0247764	0.028
0.0247768	0.028
0.0247772	0.028
0.0247776	0.028
0.024778	0.028
0.0247784	0.024
0.0247788	0.024
0.0247792	0.024
0.0247796	0.024
0.02478	0.024
0.0247804	0.024
0.0247808	0.02
0.0247812	0.02
0.0247816	0.02
0.024782	0.02
0.0247824	0.02
0.0247828	0.02
0.0247832	0.02
0.0247836	0.02
0.024784	0.016
0.0247844	0.016
0.0247848	0.018
0.0247852	0.018
0.0247856	0.016
0.024786	0.016
0.0247864	0.016
0.0247868	0.016
0.0247872	0.012
0.0247876	0.012
0.024788	0.012
0.0247884	0.012
0.0247888	0.012
0.0247892	0.012
0.0247896	0.01
0.02479	0.01
0.0247904	0.01
0.0247908	0.01
0.0247912	0.01
0.0247916	0.01
0.024792	0.01
0.0247924	0.01
0.0247928	0.01
0.0247932	0.01
0.0247936	0.008
0.024794	0.008
0.0247944	0.006
0.0247948	0.006
0.0247952	0.006
0.0247956	0.006
0.024796	0.006
0.0247964	0.006
0.0247968	0.004
0.0247972	0.004
0.0247976	0.004
0.024798	0.004
0.0247984	0.004
0.0247988	0.004
0.0247992	0.004
0.0247996	0.004
0.0248	0.004
0.0248004	0.004
0.0248008	0.004
0.0248012	0.004
0.0248016	0.002
0.024802	0.002
0.0248024	0.004
0.0248028	0.004
0.0248032	0.002
0.0248036	0.002
0.024804	0.004
0.0248044	0.004
0.0248048	0.002
0.0248052	0.002
0.0248056	0
0.024806	0
0.0248064	0
0.0248068	0
0.0248072	0
0.0248076	0
0.024808	0
0.0248084	0
0.0248088	-0.002
0.0248092	-0.002
0.0248096	0
0.02481	0
0.0248104	-0.002
0.0248108	-0.002
0.0248112	-0.002
0.0248116	-0.002
0.024812	0
0.0248124	0
0.0248128	-0.002
0.0248132	-0.002
0.0248136	-0.004
0.024814	-0.004
0.0248144	-0.002
0.0248148	-0.002
0.0248152	-0.004
0.0248156	-0.004
0.024816	-0.006
0.0248164	-0.006
0.0248168	-0.004
0.0248172	-0.004
0.0248176	-0.006
0.024818	-0.006
0.0248184	-0.004
0.0248188	-0.004
0.0248192	-0.006
0.0248196	-0.006
0.02482	-0.006
0.0248204	-0.006
0.0248208	-0.004
0.0248212	-0.004
0.0248216	-0.004
0.024822	-0.004
0.0248224	-0.006
0.0248228	-0.006
0.0248232	-0.006
0.0248236	-0.006
0.024824	-0.006
0.0248244	-0.006
0.0248248	-0.006
0.0248252	-0.006
0.0248256	-0.006
0.024826	-0.006
0.0248264	-0.008
0.0248268	-0.008
0.0248272	-0.006
0.0248276	-0.006
0.024828	-0.008
0.0248284	-0.008
0.0248288	-0.01
0.0248292	-0.01
0.0248296	-0.008
0.02483	-0.008
0.0248304	-0.008
0.0248308	-0.008
0.0248312	-0.006
0.0248316	-0.006
0.024832	-0.008
0.0248324	-0.008
0.0248328	-0.008
0.0248332	-0.008
0.0248336	-0.008
0.024834	-0.008
0.0248344	-0.008
0.0248348	-0.008
0.0248352	-0.01
0.0248356	-0.01
0.024836	-0.008
0.0248364	-0.008
0.0248368	-0.008
0.0248372	-0.008
0.0248376	-0.008
0.024838	-0.008
0.0248384	-0.008
0.0248388	-0.008
0.0248392	-0.008
0.0248396	-0.008
0.02484	-0.01
0.0248404	-0.01
0.0248408	-0.008
0.0248412	-0.008
0.0248416	-0.008
0.024842	-0.008
0.0248424	-0.01
0.0248428	-0.01
0.0248432	-0.01
0.0248436	-0.01
0.024844	-0.008
0.0248444	-0.008
0.0248448	-0.01
0.0248452	-0.01
0.0248456	-0.008
0.024846	-0.008
0.0248464	-0.01
0.0248468	-0.01
0.0248472	-0.008
0.0248476	-0.008
0.024848	-0.008
0.0248484	-0.008
0.0248488	-0.01
0.0248492	-0.01
0.0248496	-0.01
0.02485	-0.01
0.0248504	-0.008
0.0248508	-0.008
0.0248512	-0.01
0.0248516	-0.01
0.024852	-0.01
0.0248524	-0.01
0.0248528	-0.008
0.0248532	-0.008
0.0248536	-0.01
0.024854	-0.01
0.0248544	-0.008
0.0248548	-0.008
0.0248552	-0.008
0.0248556	-0.008
0.024856	-0.01
0.0248564	-0.01
0.0248568	-0.008
0.0248572	-0.008
0.0248576	-0.008
0.024858	-0.008
0.0248584	-0.01
0.0248588	-0.01
0.0248592	-0.01
0.0248596	-0.01
0.02486	-0.01
0.0248604	-0.01
0.0248608	-0.008
0.0248612	-0.008
0.0248616	-0.008
0.024862	-0.008
0.0248624	-0.008
0.0248628	-0.008
0.0248632	-0.01
0.0248636	-0.01
0.024864	-0.008
0.0248644	-0.008
0.0248648	-0.008
0.0248652	-0.008
0.0248656	-0.008
0.024866	-0.008
0.0248664	-0.01
0.0248668	-0.01
0.0248672	-0.01
0.0248676	-0.01
0.024868	-0.008
0.0248684	-0.008
0.0248688	-0.008
0.0248692	-0.008
0.0248696	-0.008
0.02487	-0.008
0.0248704	-0.008
0.0248708	-0.008
0.0248712	-0.008
0.0248716	-0.008
0.024872	-0.008
0.0248724	-0.008
0.0248728	-0.008
0.0248732	-0.008
0.0248736	-0.008
0.024874	-0.008
0.0248744	-0.01
0.0248748	-0.01
0.0248752	-0.01
0.0248756	-0.01
0.024876	-0.006
0.0248764	-0.006
0.0248768	-0.01
0.0248772	-0.01
0.0248776	-0.008
0.024878	-0.008
0.0248784	-0.006
0.0248788	-0.006
0.0248792	-0.006
0.0248796	-0.006
0.02488	-0.008
0.0248804	-0.008
0.0248808	-0.008
0.0248812	-0.008
0.0248816	-0.008
0.024882	-0.008
0.0248824	-0.01
0.0248828	-0.01
0.0248832	-0.01
0.0248836	-0.01
0.024884	-0.008
0.0248844	-0.008
0.0248848	-0.006
0.0248852	-0.006
0.0248856	-0.008
0.024886	-0.008
0.0248864	-0.01
0.0248868	-0.01
0.0248872	-0.006
0.0248876	-0.006
0.024888	-0.008
0.0248884	-0.008
0.0248888	-0.008
0.0248892	-0.008
0.0248896	-0.008
0.02489	-0.008
0.0248904	-0.008
0.0248908	-0.008
0.0248912	-0.006
0.0248916	-0.006
0.024892	-0.008
0.0248924	-0.008
0.0248928	-0.008
0.0248932	-0.008
0.0248936	-0.006
0.024894	-0.006
0.0248944	-0.006
0.0248948	-0.006
0.0248952	-0.006
0.0248956	-0.006
0.024896	-0.008
0.0248964	-0.008
0.0248968	-0.008
0.0248972	-0.008
0.0248976	-0.006
0.024898	-0.006
0.0248984	-0.008
0.0248988	-0.008
0.0248992	-0.006
0.0248996	-0.006
0.0249	-0.006
0.0249004	-0.006
0.0249008	-0.006
0.0249012	-0.006
0.0249016	-0.006
0.024902	-0.006
0.0249024	-0.006
0.0249028	-0.006
0.0249032	-0.006
0.0249036	-0.006
0.024904	-0.006
0.0249044	-0.006
0.0249048	-0.004
0.0249052	-0.004
0.0249056	-0.006
0.024906	-0.006
0.0249064	-0.006
0.0249068	-0.006
0.0249072	-0.006
0.0249076	-0.006
0.024908	-0.006
0.0249084	-0.006
0.0249088	-0.006
0.0249092	-0.006
0.0249096	-0.004
0.02491	-0.004
0.0249104	-0.006
0.0249108	-0.006
0.0249112	-0.006
0.0249116	-0.006
0.024912	-0.006
0.0249124	-0.006
0.0249128	-0.006
0.0249132	-0.006
0.0249136	-0.006
0.024914	-0.006
0.0249144	-0.004
0.0249148	-0.004
0.0249152	-0.006
0.0249156	-0.006
0.024916	-0.006
0.0249164	-0.006
0.0249168	-0.006
0.0249172	-0.006
0.0249176	-0.006
0.024918	-0.006
0.0249184	-0.006
0.0249188	-0.006
0.0249192	-0.006
0.0249196	-0.006
0.02492	-0.006
0.0249204	-0.006
0.0249208	-0.004
0.0249212	-0.004
0.0249216	-0.004
0.024922	-0.004
0.0249224	-0.004
0.0249228	-0.004
0.0249232	-0.006
0.0249236	-0.006
0.024924	-0.006
0.0249244	-0.006
0.0249248	-0.004
0.0249252	-0.004
0.0249256	-0.004
0.024926	-0.004
0.0249264	-0.004
0.0249268	-0.004
0.0249272	-0.006
0.0249276	-0.006
0.024928	-0.004
0.0249284	-0.004
0.0249288	-0.006
0.0249292	-0.006
0.0249296	-0.006
0.02493	-0.006
0.0249304	-0.006
0.0249308	-0.006
0.0249312	-0.004
0.0249316	-0.004
0.024932	-0.004
0.0249324	-0.004
0.0249328	-0.002
0.0249332	-0.002
0.0249336	-0.002
0.024934	-0.002
0.0249344	-0.004
0.0249348	-0.004
0.0249352	-0.004
0.0249356	-0.004
0.024936	-0.004
0.0249364	-0.004
0.0249368	-0.004
0.0249372	-0.004
0.0249376	-0.004
0.024938	-0.004
0.0249384	-0.004
0.0249388	-0.004
0.0249392	-0.004
0.0249396	-0.004
0.02494	-0.002
0.0249404	-0.002
0.0249408	-0.002
0.0249412	-0.002
0.0249416	-0.004
0.024942	-0.004
0.0249424	-0.006
0.0249428	-0.006
0.0249432	-0.002
0.0249436	-0.002
0.024944	-0.004
0.0249444	-0.004
0.0249448	-0.004
0.0249452	-0.004
0.0249456	-0.004
0.024946	-0.004
0.0249464	-0.002
0.0249468	-0.002
0.0249472	-0.002
0.0249476	-0.002
0.024948	-0.002
0.0249484	-0.002
0.0249488	-0.004
0.0249492	-0.004
0.0249496	-0.004
0.02495	-0.004
0.0249504	-0.002
0.0249508	-0.002
0.0249512	-0.004
0.0249516	-0.004
0.024952	-0.002
0.0249524	-0.002
0.0249528	-0.004
0.0249532	-0.004
0.0249536	0
0.024954	0
0.0249544	0
0.0249548	0
0.0249552	0
0.0249556	0
0.024956	-0.002
0.0249564	-0.002
0.0249568	-0.002
0.0249572	-0.002
0.0249576	-0.002
0.024958	-0.002
0.0249584	0
0.0249588	0
0.0249592	0
0.0249596	0
0.02496	0
0.0249604	0
0.0249608	0
0.0249612	0
0.0249616	-0.002
0.024962	-0.002
0.0249624	0
0.0249628	0
0.0249632	0
0.0249636	0
0.024964	0.002
0.0249644	0.002
0.0249648	0.002
0.0249652	0.002
0.0249656	0.002
0.024966	0.002
0.0249664	0.002
0.0249668	0.002
0.0249672	0
0.0249676	0
0.024968	-0.002
0.0249684	-0.002
0.0249688	0.002
0.0249692	0.002
0.0249696	0
0.02497	0
0.0249704	0.002
0.0249708	0.002
0.0249712	0.002
0.0249716	0.002
0.024972	0.002
0.0249724	0.002
0.0249728	0
0.0249732	0
0.0249736	0
0.024974	0
0.0249744	0.002
0.0249748	0.002
0.0249752	0.004
0.0249756	0.004
0.024976	0.004
0.0249764	0.004
0.0249768	0.002
0.0249772	0.002
0.0249776	0.004
0.024978	0.004
0.0249784	0.004
0.0249788	0.004
0.0249792	0.004
0.0249796	0.004
0.02498	0.002
0.0249804	0.002
0.0249808	0.004
0.0249812	0.004
0.0249816	0.004
0.024982	0.004
0.0249824	0.004
0.0249828	0.004
0.0249832	0.004
0.0249836	0.004
0.024984	0.006
0.0249844	0.006
0.0249848	0.006
0.0249852	0.006
0.0249856	0.004
0.024986	0.004
0.0249864	0.006
0.0249868	0.006
0.0249872	0.006
0.0249876	0.006
0.024988	0.008
0.0249884	0.008
0.0249888	0.006
0.0249892	0.006
0.0249896	0.008
0.02499	0.008
0.0249904	0.01
0.0249908	0.01
0.0249912	0.008
0.0249916	0.008
0.024992	0.01
0.0249924	0.01
0.0249928	0.01
0.0249932	0.01
0.0249936	0.01
0.024994	0.01
0.0249944	0.012
0.0249948	0.012
0.0249952	0.012
0.0249956	0.012
0.024996	0.014
0.0249964	0.014
0.0249968	0.012
0.0249972	0.012
0.0249976	0.016
0.024998	0.016
0.0249984	0.016
0.0249988	0.016
0.0249992	0.018
0.0249996	0.018
0.025	0.018
0.0250004	0.018
0.0250008	0.02
0.0250012	0.02
0.0250016	0.02
0.025002	0.02
0.0250024	0.024
0.0250028	0.024
0.0250032	0.024
0.0250036	0.024
0.025004	0.024
0.0250044	0.024
0.0250048	0.026
0.0250052	0.026
0.0250056	0.026
0.025006	0.026
0.0250064	0.028
0.0250068	0.028
0.0250072	0.028
0.0250076	0.028
0.025008	0.032
0.0250084	0.032
0.0250088	0.034
0.0250092	0.034
0.0250096	0.036
0.02501	0.036
0.0250104	0.038
0.0250108	0.038
0.0250112	0.038
0.0250116	0.038
0.025012	0.04
0.0250124	0.04
0.0250128	0.042
0.0250132	0.042
0.0250136	0.044
0.025014	0.044
0.0250144	0.046
0.0250148	0.046
0.0250152	0.048
0.0250156	0.048
0.025016	0.05
0.0250164	0.05
0.0250168	0.052
0.0250172	0.052
0.0250176	0.054
0.025018	0.054
0.0250184	0.056
0.0250188	0.056
0.0250192	0.058
0.0250196	0.058
0.02502	0.06
0.0250204	0.06
0.0250208	0.06
0.0250212	0.06
0.0250216	0.062
0.025022	0.062
0.0250224	0.066
0.0250228	0.066
0.0250232	0.066
0.0250236	0.066
0.025024	0.07
0.0250244	0.07
0.0250248	0.072
0.0250252	0.072
0.0250256	0.074
0.025026	0.074
0.0250264	0.076
0.0250268	0.076
0.0250272	0.078
0.0250276	0.078
0.025028	0.082
0.0250284	0.082
0.0250288	0.082
0.0250292	0.082
0.0250296	0.086
0.02503	0.086
0.0250304	0.088
0.0250308	0.088
0.0250312	0.088
0.0250316	0.088
0.025032	0.09
0.0250324	0.09
0.0250328	0.09
0.0250332	0.09
0.0250336	0.094
0.025034	0.094
0.0250344	0.096
0.0250348	0.096
0.0250352	0.098
0.0250356	0.098
0.025036	0.098
0.0250364	0.098
0.0250368	0.1
0.0250372	0.1
0.0250376	0.104
0.025038	0.104
0.0250384	0.104
0.0250388	0.104
0.0250392	0.106
0.0250396	0.106
0.02504	0.108
0.0250404	0.108
0.0250408	0.11
0.0250412	0.11
0.0250416	0.114
0.025042	0.114
0.0250424	0.116
0.0250428	0.116
0.0250432	0.116
0.0250436	0.116
0.025044	0.118
0.0250444	0.118
0.0250448	0.122
0.0250452	0.122
0.0250456	0.122
0.025046	0.122
0.0250464	0.122
0.0250468	0.122
0.0250472	0.124
0.0250476	0.124
0.025048	0.126
0.0250484	0.126
0.0250488	0.126
0.0250492	0.126
0.0250496	0.13
0.02505	0.13
0.0250504	0.132
0.0250508	0.132
0.0250512	0.132
0.0250516	0.132
0.025052	0.132
0.0250524	0.132
0.0250528	0.132
0.0250532	0.132
0.0250536	0.132
0.025054	0.132
0.0250544	0.134
0.0250548	0.134
0.0250552	0.134
0.0250556	0.134
0.025056	0.136
0.0250564	0.136
0.0250568	0.136
0.0250572	0.136
0.0250576	0.138
0.025058	0.138
0.0250584	0.138
0.0250588	0.138
0.0250592	0.138
0.0250596	0.138
0.02506	0.138
0.0250604	0.138
0.0250608	0.138
0.0250612	0.138
0.0250616	0.14
0.025062	0.14
0.0250624	0.138
0.0250628	0.138
0.0250632	0.14
0.0250636	0.14
0.025064	0.138
0.0250644	0.138
0.0250648	0.138
0.0250652	0.138
0.0250656	0.14
0.025066	0.14
0.0250664	0.14
0.0250668	0.14
0.0250672	0.138
0.0250676	0.138
0.025068	0.138
0.0250684	0.138
0.0250688	0.14
0.0250692	0.14
0.0250696	0.138
0.02507	0.138
0.0250704	0.138
0.0250708	0.138
0.0250712	0.136
0.0250716	0.136
0.025072	0.138
0.0250724	0.138
0.0250728	0.138
0.0250732	0.138
0.0250736	0.138
0.025074	0.138
0.0250744	0.134
0.0250748	0.134
0.0250752	0.134
0.0250756	0.134
0.025076	0.134
0.0250764	0.134
0.0250768	0.132
0.0250772	0.132
0.0250776	0.132
0.025078	0.132
0.0250784	0.13
0.0250788	0.13
0.0250792	0.128
0.0250796	0.128
0.02508	0.128
0.0250804	0.128
0.0250808	0.126
0.0250812	0.126
0.0250816	0.124
0.025082	0.124
0.0250824	0.124
0.0250828	0.124
0.0250832	0.122
0.0250836	0.122
0.025084	0.122
0.0250844	0.122
0.0250848	0.118
0.0250852	0.118
0.0250856	0.116
0.025086	0.116
0.0250864	0.114
0.0250868	0.114
0.0250872	0.114
0.0250876	0.114
0.025088	0.114
0.0250884	0.114
0.0250888	0.11
0.0250892	0.11
0.0250896	0.11
0.02509	0.11
0.0250904	0.108
0.0250908	0.108
0.0250912	0.106
0.0250916	0.106
0.025092	0.104
0.0250924	0.104
0.0250928	0.104
0.0250932	0.104
0.0250936	0.1
0.025094	0.1
0.0250944	0.1
0.0250948	0.1
0.0250952	0.1
0.0250956	0.1
0.025096	0.096
0.0250964	0.096
0.0250968	0.094
0.0250972	0.094
0.0250976	0.092
0.025098	0.092
0.0250984	0.09
0.0250988	0.09
0.0250992	0.09
0.0250996	0.09
0.0251	0.088
0.0251004	0.088
0.0251008	0.086
0.0251012	0.086
0.0251016	0.086
0.025102	0.086
0.0251024	0.084
0.0251028	0.084
0.0251032	0.082
0.0251036	0.082
0.025104	0.082
0.0251044	0.082
0.0251048	0.078
0.0251052	0.078
0.0251056	0.076
0.025106	0.076
0.0251064	0.076
0.0251068	0.076
0.0251072	0.074
0.0251076	0.074
0.025108	0.072
0.0251084	0.072
0.0251088	0.07
0.0251092	0.07
0.0251096	0.068
0.02511	0.068
0.0251104	0.068
0.0251108	0.068
0.0251112	0.066
0.0251116	0.066
0.025112	0.064
0.0251124	0.064
0.0251128	0.062
0.0251132	0.062
0.0251136	0.064
0.025114	0.064
0.0251144	0.06
0.0251148	0.06
0.0251152	0.06
0.0251156	0.06
0.025116	0.058
0.0251164	0.058
0.0251168	0.06
0.0251172	0.06
0.0251176	0.056
0.025118	0.056
0.0251184	0.054
0.0251188	0.054
0.0251192	0.054
0.0251196	0.054
0.02512	0.052
0.0251204	0.052
0.0251208	0.052
0.0251212	0.052
0.0251216	0.05
0.025122	0.05
0.0251224	0.05
0.0251228	0.05
0.0251232	0.048
0.0251236	0.048
0.025124	0.048
0.0251244	0.048
0.0251248	0.044
0.0251252	0.044
0.0251256	0.044
0.025126	0.044
0.0251264	0.044
0.0251268	0.044
0.0251272	0.042
0.0251276	0.042
0.025128	0.042
0.0251284	0.042
0.0251288	0.042
0.0251292	0.042
0.0251296	0.04
0.02513	0.04
0.0251304	0.04
0.0251308	0.04
0.0251312	0.038
0.0251316	0.038
0.025132	0.038
0.0251324	0.038
0.0251328	0.038
0.0251332	0.038
0.0251336	0.036
0.025134	0.036
0.0251344	0.036
0.0251348	0.036
0.0251352	0.034
0.0251356	0.034
0.025136	0.034
0.0251364	0.034
0.0251368	0.032
0.0251372	0.032
0.0251376	0.032
0.025138	0.032
0.0251384	0.03
0.0251388	0.03
0.0251392	0.03
0.0251396	0.03
0.02514	0.028
0.0251404	0.028
0.0251408	0.03
0.0251412	0.03
0.0251416	0.028
0.025142	0.028
0.0251424	0.028
0.0251428	0.028
0.0251432	0.028
0.0251436	0.028
0.025144	0.026
0.0251444	0.026
0.0251448	0.026
0.0251452	0.026
0.0251456	0.026
0.025146	0.026
0.0251464	0.024
0.0251468	0.024
0.0251472	0.024
0.0251476	0.024
0.025148	0.026
0.0251484	0.026
0.0251488	0.022
0.0251492	0.022
0.0251496	0.024
0.02515	0.024
0.0251504	0.024
0.0251508	0.024
0.0251512	0.024
0.0251516	0.024
0.025152	0.02
0.0251524	0.02
0.0251528	0.022
0.0251532	0.022
0.0251536	0.022
0.025154	0.022
0.0251544	0.02
0.0251548	0.02
0.0251552	0.022
0.0251556	0.022
0.025156	0.022
0.0251564	0.022
0.0251568	0.022
0.0251572	0.022
0.0251576	0.02
0.025158	0.02
0.0251584	0.02
0.0251588	0.02
0.0251592	0.018
0.0251596	0.018
0.02516	0.018
0.0251604	0.018
0.0251608	0.018
0.0251612	0.018
0.0251616	0.018
0.025162	0.018
0.0251624	0.018
0.0251628	0.018
0.0251632	0.018
0.0251636	0.018
0.025164	0.018
0.0251644	0.018
0.0251648	0.018
0.0251652	0.018
0.0251656	0.018
0.025166	0.018
0.0251664	0.018
0.0251668	0.018
0.0251672	0.016
0.0251676	0.016
0.025168	0.014
0.0251684	0.014
0.0251688	0.018
0.0251692	0.018
0.0251696	0.016
0.02517	0.016
0.0251704	0.014
0.0251708	0.014
0.0251712	0.016
0.0251716	0.016
0.025172	0.016
0.0251724	0.016
0.0251728	0.016
0.0251732	0.016
0.0251736	0.014
0.025174	0.014
0.0251744	0.014
0.0251748	0.014
0.0251752	0.016
0.0251756	0.016
0.025176	0.012
0.0251764	0.012
0.0251768	0.014
0.0251772	0.014
0.0251776	0.016
0.025178	0.016
0.0251784	0.014
0.0251788	0.014
0.0251792	0.014
0.0251796	0.014
0.02518	0.012
0.0251804	0.012
0.0251808	0.012
0.0251812	0.012
0.0251816	0.012
0.025182	0.012
0.0251824	0.012
0.0251828	0.012
0.0251832	0.014
0.0251836	0.014
0.025184	0.016
0.0251844	0.016
0.0251848	0.014
0.0251852	0.014
0.0251856	0.014
0.025186	0.014
0.0251864	0.014
0.0251868	0.014
0.0251872	0.012
0.0251876	0.012
0.025188	0.012
0.0251884	0.012
0.0251888	0.012
0.0251892	0.012
0.0251896	0.012
0.02519	0.012
0.0251904	0.014
0.0251908	0.014
0.0251912	0.012
0.0251916	0.012
0.025192	0.014
0.0251924	0.014
0.0251928	0.012
0.0251932	0.012
0.0251936	0.012
0.025194	0.012
0.0251944	0.014
0.0251948	0.014
0.0251952	0.012
0.0251956	0.012
0.025196	0.012
0.0251964	0.012
0.0251968	0.012
0.0251972	0.012
0.0251976	0.012
0.025198	0.012
0.0251984	0.012
0.0251988	0.012
0.0251992	0.012
0.0251996	0.012
0.0252	0.012
0.0252004	0.012
0.0252008	0.012
0.0252012	0.012
0.0252016	0.012
0.025202	0.012
0.0252024	0.012
0.0252028	0.012
0.0252032	0.012
0.0252036	0.012
0.025204	0.012
0.0252044	0.012
0.0252048	0.01
0.0252052	0.01
0.0252056	0.012
0.025206	0.012
0.0252064	0.012
0.0252068	0.012
0.0252072	0.01
0.0252076	0.01
0.025208	0.014
0.0252084	0.014
0.0252088	0.014
0.0252092	0.014
0.0252096	0.012
0.02521	0.012
0.0252104	0.012
0.0252108	0.012
0.0252112	0.014
0.0252116	0.014
0.025212	0.01
0.0252124	0.01
0.0252128	0.012
0.0252132	0.012
0.0252136	0.012
0.025214	0.012
0.0252144	0.014
0.0252148	0.014
0.0252152	0.016
0.0252156	0.016
0.025216	0.012
0.0252164	0.012
0.0252168	0.012
0.0252172	0.012
0.0252176	0.012
0.025218	0.012
0.0252184	0.014
0.0252188	0.014
0.0252192	0.014
0.0252196	0.014
0.02522	0.014
0.0252204	0.014
0.0252208	0.012
0.0252212	0.012
0.0252216	0.012
0.025222	0.012
0.0252224	0.012
0.0252228	0.012
0.0252232	0.014
0.0252236	0.014
0.025224	0.014
0.0252244	0.014
0.0252248	0.012
0.0252252	0.012
0.0252256	0.01
0.025226	0.01
0.0252264	0.012
0.0252268	0.012
0.0252272	0.014
0.0252276	0.014
0.025228	0.012
0.0252284	0.012
0.0252288	0.012
0.0252292	0.012
0.0252296	0.014
0.02523	0.014
0.0252304	0.014
0.0252308	0.014
0.0252312	0.014
0.0252316	0.014
0.025232	0.012
0.0252324	0.012
0.0252328	0.012
0.0252332	0.012
0.0252336	0.014
0.025234	0.014
0.0252344	0.014
0.0252348	0.014
0.0252352	0.016
0.0252356	0.016
0.025236	0.014
0.0252364	0.014
0.0252368	0.012
0.0252372	0.012
0.0252376	0.016
0.025238	0.016
0.0252384	0.012
0.0252388	0.012
0.0252392	0.014
0.0252396	0.014
0.02524	0.016
0.0252404	0.016
0.0252408	0.014
0.0252412	0.014
0.0252416	0.016
0.025242	0.016
0.0252424	0.012
0.0252428	0.012
0.0252432	0.014
0.0252436	0.014
0.025244	0.014
0.0252444	0.014
0.0252448	0.014
0.0252452	0.014
0.0252456	0.016
0.025246	0.016
0.0252464	0.016
0.0252468	0.016
0.0252472	0.014
0.0252476	0.014
0.025248	0.016
0.0252484	0.016
0.0252488	0.014
0.0252492	0.014
0.0252496	0.014
0.02525	0.014
0.0252504	0.012
0.0252508	0.012
0.0252512	0.014
0.0252516	0.014
0.025252	0.016
0.0252524	0.016
0.0252528	0.014
0.0252532	0.014
0.0252536	0.016
0.025254	0.016
0.0252544	0.016
0.0252548	0.016
0.0252552	0.016
0.0252556	0.016
0.025256	0.014
0.0252564	0.014
0.0252568	0.016
0.0252572	0.016
0.0252576	0.014
0.025258	0.014
0.0252584	0.016
0.0252588	0.016
0.0252592	0.014
0.0252596	0.014
0.02526	0.016
0.0252604	0.016
0.0252608	0.014
0.0252612	0.014
0.0252616	0.016
0.025262	0.016
0.0252624	0.016
0.0252628	0.016
0.0252632	0.018
0.0252636	0.018
0.025264	0.016
0.0252644	0.016
0.0252648	0.016
0.0252652	0.016
0.0252656	0.016
0.025266	0.016
0.0252664	0.018
0.0252668	0.018
0.0252672	0.016
0.0252676	0.016
0.025268	0.018
0.0252684	0.018
0.0252688	0.016
0.0252692	0.016
0.0252696	0.018
0.02527	0.018
0.0252704	0.018
0.0252708	0.018
0.0252712	0.014
0.0252716	0.014
0.025272	0.016
0.0252724	0.016
0.0252728	0.018
0.0252732	0.018
0.0252736	0.018
0.025274	0.018
0.0252744	0.018
0.0252748	0.018
0.0252752	0.016
0.0252756	0.016
0.025276	0.018
0.0252764	0.018
0.0252768	0.018
0.0252772	0.018
0.0252776	0.018
0.025278	0.018
0.0252784	0.02
0.0252788	0.02
0.0252792	0.018
0.0252796	0.018
0.02528	0.018
0.0252804	0.018
0.0252808	0.02
0.0252812	0.02
0.0252816	0.018
0.025282	0.018
0.0252824	0.018
0.0252828	0.018
0.0252832	0.02
0.0252836	0.02
0.025284	0.02
0.0252844	0.02
0.0252848	0.02
0.0252852	0.02
0.0252856	0.02
0.025286	0.02
0.0252864	0.02
0.0252868	0.02
0.0252872	0.02
0.0252876	0.02
0.025288	0.02
0.0252884	0.02
0.0252888	0.02
0.0252892	0.02
0.0252896	0.022
0.02529	0.022
0.0252904	0.022
0.0252908	0.022
0.0252912	0.02
0.0252916	0.02
0.025292	0.022
0.0252924	0.022
0.0252928	0.022
0.0252932	0.022
0.0252936	0.022
0.025294	0.022
0.0252944	0.024
0.0252948	0.024
0.0252952	0.022
0.0252956	0.022
0.025296	0.026
0.0252964	0.026
0.0252968	0.026
0.0252972	0.026
0.0252976	0.024
0.025298	0.024
0.0252984	0.026
0.0252988	0.026
0.0252992	0.026
0.0252996	0.026
0.0253	0.026
0.0253004	0.026
0.0253008	0.026
0.0253012	0.026
0.0253016	0.026
0.025302	0.026
0.0253024	0.028
0.0253028	0.028
0.0253032	0.028
0.0253036	0.028
0.025304	0.03
0.0253044	0.03
0.0253048	0.03
0.0253052	0.03
0.0253056	0.03
0.025306	0.03
0.0253064	0.032
0.0253068	0.032
0.0253072	0.034
0.0253076	0.034
0.025308	0.032
0.0253084	0.032
0.0253088	0.034
0.0253092	0.034
0.0253096	0.032
0.02531	0.032
0.0253104	0.032
0.0253108	0.032
0.0253112	0.034
0.0253116	0.034
0.025312	0.038
0.0253124	0.038
0.0253128	0.036
0.0253132	0.036
0.0253136	0.036
0.025314	0.036
0.0253144	0.038
0.0253148	0.038
0.0253152	0.038
0.0253156	0.038
0.025316	0.038
0.0253164	0.038
0.0253168	0.04
0.0253172	0.04
0.0253176	0.042
0.025318	0.042
0.0253184	0.042
0.0253188	0.042
0.0253192	0.042
0.0253196	0.042
0.02532	0.042
0.0253204	0.042
0.0253208	0.044
0.0253212	0.044
0.0253216	0.044
0.025322	0.044
0.0253224	0.046
0.0253228	0.046
0.0253232	0.048
0.0253236	0.048
0.025324	0.046
0.0253244	0.046
0.0253248	0.046
0.0253252	0.046
0.0253256	0.048
0.025326	0.048
0.0253264	0.048
0.0253268	0.048
0.0253272	0.05
0.0253276	0.05
0.025328	0.048
0.0253284	0.048
0.0253288	0.05
0.0253292	0.05
0.0253296	0.052
0.02533	0.052
0.0253304	0.056
0.0253308	0.056
0.0253312	0.054
0.0253316	0.054
0.025332	0.054
0.0253324	0.054
0.0253328	0.052
0.0253332	0.052
0.0253336	0.054
0.025334	0.054
0.0253344	0.056
0.0253348	0.056
0.0253352	0.058
0.0253356	0.058
0.025336	0.058
0.0253364	0.058
0.0253368	0.058
0.0253372	0.058
0.0253376	0.06
0.025338	0.06
0.0253384	0.06
0.0253388	0.06
0.0253392	0.062
0.0253396	0.062
0.02534	0.062
0.0253404	0.062
0.0253408	0.06
0.0253412	0.06
0.0253416	0.064
0.025342	0.064
0.0253424	0.064
0.0253428	0.064
0.0253432	0.066
0.0253436	0.066
0.025344	0.064
0.0253444	0.064
0.0253448	0.066
0.0253452	0.066
0.0253456	0.066
0.025346	0.066
0.0253464	0.066
0.0253468	0.066
0.0253472	0.066
0.0253476	0.066
0.025348	0.066
0.0253484	0.066
0.0253488	0.066
0.0253492	0.066
0.0253496	0.068
0.02535	0.068
0.0253504	0.068
0.0253508	0.068
0.0253512	0.066
0.0253516	0.066
0.025352	0.068
0.0253524	0.068
0.0253528	0.068
0.0253532	0.068
0.0253536	0.068
0.025354	0.068
0.0253544	0.068
0.0253548	0.068
0.0253552	0.068
0.0253556	0.068
0.025356	0.066
0.0253564	0.066
0.0253568	0.07
0.0253572	0.07
0.0253576	0.068
0.025358	0.068
0.0253584	0.068
0.0253588	0.068
0.0253592	0.07
0.0253596	0.07
0.02536	0.068
0.0253604	0.068
0.0253608	0.068
0.0253612	0.068
0.0253616	0.07
0.025362	0.07
0.0253624	0.068
0.0253628	0.068
0.0253632	0.068
0.0253636	0.068
0.025364	0.068
0.0253644	0.068
0.0253648	0.068
0.0253652	0.068
0.0253656	0.068
0.025366	0.068
0.0253664	0.068
0.0253668	0.068
0.0253672	0.07
0.0253676	0.07
0.025368	0.07
0.0253684	0.07
0.0253688	0.068
0.0253692	0.068
0.0253696	0.068
0.02537	0.068
0.0253704	0.066
0.0253708	0.066
0.0253712	0.068
0.0253716	0.068
0.025372	0.066
0.0253724	0.066
0.0253728	0.068
0.0253732	0.068
0.0253736	0.068
0.025374	0.068
0.0253744	0.066
0.0253748	0.066
0.0253752	0.068
0.0253756	0.068
0.025376	0.066
0.0253764	0.066
0.0253768	0.066
0.0253772	0.066
0.0253776	0.064
0.025378	0.064
0.0253784	0.064
0.0253788	0.064
0.0253792	0.062
0.0253796	0.062
0.02538	0.066
0.0253804	0.066
0.0253808	0.064
0.0253812	0.064
0.0253816	0.064
0.025382	0.064
0.0253824	0.062
0.0253828	0.062
0.0253832	0.062
0.0253836	0.062
0.025384	0.064
0.0253844	0.064
0.0253848	0.062
0.0253852	0.062
0.0253856	0.058
0.025386	0.058
0.0253864	0.06
0.0253868	0.06
0.0253872	0.06
0.0253876	0.06
0.025388	0.058
0.0253884	0.058
0.0253888	0.06
0.0253892	0.06
0.0253896	0.056
0.02539	0.056
0.0253904	0.054
0.0253908	0.054
0.0253912	0.058
0.0253916	0.058
0.025392	0.054
0.0253924	0.054
0.0253928	0.054
0.0253932	0.054
0.0253936	0.054
0.025394	0.054
0.0253944	0.052
0.0253948	0.052
0.0253952	0.054
0.0253956	0.054
0.025396	0.052
0.0253964	0.052
0.0253968	0.052
0.0253972	0.052
0.0253976	0.052
0.025398	0.052
0.0253984	0.052
0.0253988	0.052
0.0253992	0.05
0.0253996	0.05
0.0254	0.05
0.0254004	0.05
0.0254008	0.048
0.0254012	0.048
0.0254016	0.05
0.025402	0.05
0.0254024	0.048
0.0254028	0.048
0.0254032	0.048
0.0254036	0.048
0.025404	0.048
0.0254044	0.048
0.0254048	0.048
0.0254052	0.048
0.0254056	0.048
0.025406	0.048
0.0254064	0.044
0.0254068	0.044
0.0254072	0.048
0.0254076	0.048
0.025408	0.044
0.0254084	0.044
0.0254088	0.046
0.0254092	0.046
0.0254096	0.044
0.02541	0.044
0.0254104	0.044
0.0254108	0.044
0.0254112	0.042
0.0254116	0.042
0.025412	0.042
0.0254124	0.042
0.0254128	0.042
0.0254132	0.042
0.0254136	0.042
0.025414	0.042
0.0254144	0.04
0.0254148	0.04
0.0254152	0.042
0.0254156	0.042
0.025416	0.04
0.0254164	0.04
0.0254168	0.04
0.0254172	0.04
0.0254176	0.04
0.025418	0.04
0.0254184	0.04
0.0254188	0.04
0.0254192	0.038
0.0254196	0.038
0.02542	0.04
0.0254204	0.04
0.0254208	0.04
0.0254212	0.04
0.0254216	0.04
0.025422	0.04
0.0254224	0.038
0.0254228	0.038
0.0254232	0.038
0.0254236	0.038
0.025424	0.038
0.0254244	0.038
0.0254248	0.038
0.0254252	0.038
0.0254256	0.036
0.025426	0.036
0.0254264	0.036
0.0254268	0.036
0.0254272	0.036
0.0254276	0.036
0.025428	0.038
0.0254284	0.038
0.0254288	0.036
0.0254292	0.036
0.0254296	0.036
0.02543	0.036
0.0254304	0.036
0.0254308	0.036
0.0254312	0.036
0.0254316	0.036
0.025432	0.034
0.0254324	0.034
0.0254328	0.036
0.0254332	0.036
0.0254336	0.034
0.025434	0.034
0.0254344	0.036
0.0254348	0.036
0.0254352	0.032
0.0254356	0.032
0.025436	0.036
0.0254364	0.036
0.0254368	0.034
0.0254372	0.034
0.0254376	0.032
0.025438	0.032
0.0254384	0.036
0.0254388	0.036
0.0254392	0.03
0.0254396	0.03
0.02544	0.032
0.0254404	0.032
0.0254408	0.03
0.0254412	0.03
0.0254416	0.032
0.025442	0.032
0.0254424	0.034
0.0254428	0.034
0.0254432	0.03
0.0254436	0.03
0.025444	0.03
0.0254444	0.03
0.0254448	0.034
0.0254452	0.034
0.0254456	0.03
0.025446	0.03
0.0254464	0.032
0.0254468	0.032
0.0254472	0.034
0.0254476	0.034
0.025448	0.03
0.0254484	0.03
0.0254488	0.034
0.0254492	0.034
0.0254496	0.03
0.02545	0.03
0.0254504	0.034
0.0254508	0.034
0.0254512	0.028
0.0254516	0.028
0.025452	0.032
0.0254524	0.032
0.0254528	0.03
0.0254532	0.03
0.0254536	0.028
0.025454	0.028
0.0254544	0.028
0.0254548	0.028
0.0254552	0.032
0.0254556	0.032
0.025456	0.03
0.0254564	0.03
0.0254568	0.03
0.0254572	0.03
0.0254576	0.03
0.025458	0.03
0.0254584	0.03
0.0254588	0.03
0.0254592	0.028
0.0254596	0.028
0.02546	0.028
0.0254604	0.028
0.0254608	0.03
0.0254612	0.03
0.0254616	0.032
0.025462	0.032
0.0254624	0.03
0.0254628	0.03
0.0254632	0.032
0.0254636	0.032
0.025464	0.028
0.0254644	0.028
0.0254648	0.03
0.0254652	0.03
0.0254656	0.03
0.025466	0.03
0.0254664	0.032
0.0254668	0.032
0.0254672	0.03
0.0254676	0.03
0.025468	0.03
0.0254684	0.03
0.0254688	0.03
0.0254692	0.03
0.0254696	0.03
0.02547	0.03
0.0254704	0.028
0.0254708	0.028
0.0254712	0.03
0.0254716	0.03
0.025472	0.028
0.0254724	0.028
0.0254728	0.03
0.0254732	0.03
0.0254736	0.028
0.025474	0.028
0.0254744	0.03
0.0254748	0.03
0.0254752	0.026
0.0254756	0.026
0.025476	0.028
0.0254764	0.028
0.0254768	0.03
0.0254772	0.03
0.0254776	0.028
0.025478	0.028
0.0254784	0.026
0.0254788	0.026
0.0254792	0.03
0.0254796	0.03
0.02548	0.03
0.0254804	0.03
0.0254808	0.03
0.0254812	0.03
0.0254816	0.032
0.025482	0.032
0.0254824	0.03
0.0254828	0.03
0.0254832	0.03
0.0254836	0.03
0.025484	0.026
0.0254844	0.026
0.0254848	0.03
0.0254852	0.03
0.0254856	0.03
0.025486	0.03
0.0254864	0.03
0.0254868	0.03
0.0254872	0.03
0.0254876	0.03
0.025488	0.03
0.0254884	0.03
0.0254888	0.028
0.0254892	0.028
0.0254896	0.03
0.02549	0.03
0.0254904	0.03
0.0254908	0.03
0.0254912	0.03
0.0254916	0.03
0.025492	0.026
0.0254924	0.026
0.0254928	0.03
0.0254932	0.03
0.0254936	0.03
0.025494	0.03
0.0254944	0.03
0.0254948	0.03
0.0254952	0.03
0.0254956	0.03
0.025496	0.03
0.0254964	0.03
0.0254968	0.028
0.0254972	0.028
0.0254976	0.03
0.025498	0.03
0.0254984	0.03
0.0254988	0.03
0.0254992	0.03
0.0254996	0.03
0.0255	0.032
0.0255004	0.032
0.0255008	0.03
0.0255012	0.03
0.0255016	0.028
0.025502	0.028
0.0255024	0.03
0.0255028	0.03
0.0255032	0.03
0.0255036	0.03
0.025504	0.028
0.0255044	0.028
0.0255048	0.03
0.0255052	0.03
0.0255056	0.03
0.025506	0.03
0.0255064	0.03
0.0255068	0.03
0.0255072	0.028
0.0255076	0.028
0.025508	0.028
0.0255084	0.028
0.0255088	0.032
0.0255092	0.032
0.0255096	0.03
0.02551	0.03
0.0255104	0.03
0.0255108	0.03
0.0255112	0.03
0.0255116	0.03
0.025512	0.028
0.0255124	0.028
0.0255128	0.032
0.0255132	0.032
0.0255136	0.03
0.025514	0.03
0.0255144	0.03
0.0255148	0.03
0.0255152	0.03
0.0255156	0.03
0.025516	0.03
0.0255164	0.03
0.0255168	0.03
0.0255172	0.03
0.0255176	0.028
0.025518	0.028
0.0255184	0.03
0.0255188	0.03
0.0255192	0.03
0.0255196	0.03
0.02552	0.03
0.0255204	0.03
0.0255208	0.03
0.0255212	0.03
0.0255216	0.032
0.025522	0.032
0.0255224	0.03
0.0255228	0.03
0.0255232	0.03
0.0255236	0.03
0.025524	0.028
0.0255244	0.028
0.0255248	0.03
0.0255252	0.03
0.0255256	0.03
0.025526	0.03
0.0255264	0.03
0.0255268	0.03
0.0255272	0.032
0.0255276	0.032
0.025528	0.034
0.0255284	0.034
0.0255288	0.028
0.0255292	0.028
0.0255296	0.03
0.02553	0.03
0.0255304	0.032
0.0255308	0.032
0.0255312	0.03
0.0255316	0.03
0.025532	0.028
0.0255324	0.028
0.0255328	0.032
0.0255332	0.032
0.0255336	0.032
0.025534	0.032
0.0255344	0.03
0.0255348	0.03
0.0255352	0.03
0.0255356	0.03
0.025536	0.032
0.0255364	0.032
0.0255368	0.032
0.0255372	0.032
0.0255376	0.034
0.025538	0.034
0.0255384	0.032
0.0255388	0.032
0.0255392	0.03
0.0255396	0.03
0.02554	0.032
0.0255404	0.032
0.0255408	0.032
0.0255412	0.032
0.0255416	0.03
0.025542	0.03
0.0255424	0.03
0.0255428	0.03
0.0255432	0.032
0.0255436	0.032
0.025544	0.03
0.0255444	0.03
0.0255448	0.03
0.0255452	0.03
0.0255456	0.03
0.025546	0.03
0.0255464	0.034
0.0255468	0.034
0.0255472	0.034
0.0255476	0.034
0.025548	0.034
0.0255484	0.034
0.0255488	0.03
0.0255492	0.03
0.0255496	0.034
0.02555	0.034
0.0255504	0.032
0.0255508	0.032
0.0255512	0.034
0.0255516	0.034
0.025552	0.03
0.0255524	0.03
0.0255528	0.032
0.0255532	0.032
0.0255536	0.034
0.025554	0.034
0.0255544	0.028
0.0255548	0.028
0.0255552	0.034
0.0255556	0.034
0.025556	0.034
0.0255564	0.034
0.0255568	0.032
0.0255572	0.032
0.0255576	0.036
0.025558	0.036
0.0255584	0.034
0.0255588	0.034
0.0255592	0.032
0.0255596	0.032
0.02556	0.036
0.0255604	0.036
0.0255608	0.034
0.0255612	0.034
0.0255616	0.036
0.025562	0.036
0.0255624	0.034
0.0255628	0.034
0.0255632	0.032
0.0255636	0.032
0.025564	0.034
0.0255644	0.034
0.0255648	0.036
0.0255652	0.036
0.0255656	0.034
0.025566	0.034
0.0255664	0.036
0.0255668	0.036
0.0255672	0.034
0.0255676	0.034
0.025568	0.032
0.0255684	0.032
0.0255688	0.034
0.0255692	0.034
0.0255696	0.036
0.02557	0.036
0.0255704	0.036
0.0255708	0.036
0.0255712	0.032
0.0255716	0.032
0.025572	0.034
0.0255724	0.034
0.0255728	0.032
0.0255732	0.032
0.0255736	0.034
0.025574	0.034
0.0255744	0.034
0.0255748	0.034
0.0255752	0.034
0.0255756	0.034
0.025576	0.034
0.0255764	0.034
0.0255768	0.036
0.0255772	0.036
0.0255776	0.036
0.025578	0.036
0.0255784	0.034
0.0255788	0.034
0.0255792	0.034
0.0255796	0.034
0.02558	0.034
0.0255804	0.034
0.0255808	0.034
0.0255812	0.034
0.0255816	0.034
0.025582	0.034
0.0255824	0.034
0.0255828	0.034
0.0255832	0.036
0.0255836	0.036
0.025584	0.034
0.0255844	0.034
0.0255848	0.038
0.0255852	0.038
0.0255856	0.036
0.025586	0.036
0.0255864	0.036
0.0255868	0.036
0.0255872	0.036
0.0255876	0.036
0.025588	0.036
0.0255884	0.036
0.0255888	0.036
0.0255892	0.036
0.0255896	0.036
0.02559	0.036
0.0255904	0.036
0.0255908	0.036
0.0255912	0.036
0.0255916	0.036
0.025592	0.034
0.0255924	0.034
0.0255928	0.038
0.0255932	0.038
0.0255936	0.036
0.025594	0.036
0.0255944	0.036
0.0255948	0.036
0.0255952	0.036
0.0255956	0.036
0.025596	0.038
0.0255964	0.038
0.0255968	0.036
0.0255972	0.036
0.0255976	0.036
0.025598	0.036
0.0255984	0.036
0.0255988	0.036
0.0255992	0.036
0.0255996	0.036
0.0256	0.036
0.0256004	0.036
0.0256008	0.036
0.0256012	0.036
0.0256016	0.034
0.025602	0.034
0.0256024	0.036
0.0256028	0.036
0.0256032	0.036
0.0256036	0.036
0.025604	0.036
0.0256044	0.036
0.0256048	0.036
0.0256052	0.036
0.0256056	0.036
0.025606	0.036
0.0256064	0.036
0.0256068	0.036
0.0256072	0.036
0.0256076	0.036
0.025608	0.034
0.0256084	0.034
0.0256088	0.036
0.0256092	0.036
0.0256096	0.036
0.02561	0.036
0.0256104	0.036
0.0256108	0.036
0.0256112	0.036
0.0256116	0.036
0.025612	0.036
0.0256124	0.036
0.0256128	0.036
0.0256132	0.036
0.0256136	0.036
0.025614	0.036
0.0256144	0.036
0.0256148	0.036
0.0256152	0.036
0.0256156	0.036
0.025616	0.036
0.0256164	0.036
0.0256168	0.04
0.0256172	0.04
0.0256176	0.038
0.025618	0.038
0.0256184	0.036
0.0256188	0.036
0.0256192	0.036
0.0256196	0.036
0.02562	0.036
0.0256204	0.036
0.0256208	0.036
0.0256212	0.036
0.0256216	0.038
0.025622	0.038
0.0256224	0.036
0.0256228	0.036
0.0256232	0.036
0.0256236	0.036
0.025624	0.036
0.0256244	0.036
0.0256248	0.036
0.0256252	0.036
0.0256256	0.036
0.025626	0.036
0.0256264	0.036
0.0256268	0.036
0.0256272	0.036
0.0256276	0.036
0.025628	0.038
0.0256284	0.038
0.0256288	0.04
0.0256292	0.04
0.0256296	0.038
0.02563	0.038
0.0256304	0.038
0.0256308	0.038
0.0256312	0.036
0.0256316	0.036
0.025632	0.036
0.0256324	0.036
0.0256328	0.038
0.0256332	0.038
0.0256336	0.038
0.025634	0.038
0.0256344	0.04
0.0256348	0.04
0.0256352	0.04
0.0256356	0.04
0.025636	0.038
0.0256364	0.038
0.0256368	0.038
0.0256372	0.038
0.0256376	0.04
0.025638	0.04
0.0256384	0.038
0.0256388	0.038
0.0256392	0.038
0.0256396	0.038
0.02564	0.038
0.0256404	0.038
0.0256408	0.038
0.0256412	0.038
0.0256416	0.038
0.025642	0.038
0.0256424	0.038
0.0256428	0.038
0.0256432	0.038
0.0256436	0.038
0.025644	0.036
0.0256444	0.036
0.0256448	0.038
0.0256452	0.038
0.0256456	0.038
0.025646	0.038
0.0256464	0.038
0.0256468	0.038
0.0256472	0.04
0.0256476	0.04
0.025648	0.04
0.0256484	0.04
0.0256488	0.04
0.0256492	0.04
0.0256496	0.04
0.02565	0.04
0.0256504	0.04
0.0256508	0.04
0.0256512	0.04
0.0256516	0.04
0.025652	0.038
0.0256524	0.038
0.0256528	0.036
0.0256532	0.036
0.0256536	0.038
0.025654	0.038
0.0256544	0.04
0.0256548	0.04
0.0256552	0.038
0.0256556	0.038
0.025656	0.04
0.0256564	0.04
0.0256568	0.04
0.0256572	0.04
0.0256576	0.04
0.025658	0.04
0.0256584	0.04
0.0256588	0.04
0.0256592	0.038
0.0256596	0.038
0.02566	0.038
0.0256604	0.038
0.0256608	0.04
0.0256612	0.04
0.0256616	0.04
0.025662	0.04
0.0256624	0.04
0.0256628	0.04
0.0256632	0.038
0.0256636	0.038
0.025664	0.04
0.0256644	0.04
0.0256648	0.038
0.0256652	0.038
0.0256656	0.04
0.025666	0.04
0.0256664	0.04
0.0256668	0.04
0.0256672	0.04
0.0256676	0.04
0.025668	0.04
0.0256684	0.04
0.0256688	0.04
0.0256692	0.04
0.0256696	0.038
0.02567	0.038
0.0256704	0.04
0.0256708	0.04
0.0256712	0.038
0.0256716	0.038
0.025672	0.038
0.0256724	0.038
0.0256728	0.04
0.0256732	0.04
0.0256736	0.04
0.025674	0.04
0.0256744	0.04
0.0256748	0.04
0.0256752	0.04
0.0256756	0.04
0.025676	0.04
0.0256764	0.04
0.0256768	0.042
0.0256772	0.042
0.0256776	0.04
0.025678	0.04
0.0256784	0.04
0.0256788	0.04
0.0256792	0.04
0.0256796	0.04
0.02568	0.042
0.0256804	0.042
0.0256808	0.04
0.0256812	0.04
0.0256816	0.04
0.025682	0.04
0.0256824	0.04
0.0256828	0.04
0.0256832	0.04
0.0256836	0.04
0.025684	0.042
0.0256844	0.042
0.0256848	0.04
0.0256852	0.04
0.0256856	0.042
0.025686	0.042
0.0256864	0.04
0.0256868	0.04
0.0256872	0.042
0.0256876	0.042
0.025688	0.042
0.0256884	0.042
0.0256888	0.04
0.0256892	0.04
0.0256896	0.042
0.02569	0.042
0.0256904	0.042
0.0256908	0.042
0.0256912	0.04
0.0256916	0.04
0.025692	0.04
0.0256924	0.04
0.0256928	0.04
0.0256932	0.04
0.0256936	0.04
0.025694	0.04
0.0256944	0.04
0.0256948	0.04
0.0256952	0.04
0.0256956	0.04
0.025696	0.042
0.0256964	0.042
0.0256968	0.04
0.0256972	0.04
0.0256976	0.04
0.025698	0.04
0.0256984	0.04
0.0256988	0.04
0.0256992	0.042
0.0256996	0.042
0.0257	0.042
0.0257004	0.042
0.0257008	0.04
0.0257012	0.04
0.0257016	0.04
0.025702	0.04
0.0257024	0.04
0.0257028	0.04
0.0257032	0.042
0.0257036	0.042
0.025704	0.042
0.0257044	0.042
0.0257048	0.042
0.0257052	0.042
0.0257056	0.042
0.025706	0.042
0.0257064	0.042
0.0257068	0.042
0.0257072	0.042
0.0257076	0.042
0.025708	0.042
0.0257084	0.042
0.0257088	0.042
0.0257092	0.042
0.0257096	0.04
0.02571	0.04
0.0257104	0.042
0.0257108	0.042
0.0257112	0.042
0.0257116	0.042
0.025712	0.038
0.0257124	0.038
0.0257128	0.04
0.0257132	0.04
0.0257136	0.04
0.025714	0.04
0.0257144	0.04
0.0257148	0.04
0.0257152	0.042
0.0257156	0.042
0.025716	0.042
0.0257164	0.042
0.0257168	0.042
0.0257172	0.042
0.0257176	0.042
0.025718	0.042
0.0257184	0.042
0.0257188	0.042
0.0257192	0.04
0.0257196	0.04
0.02572	0.042
0.0257204	0.042
0.0257208	0.04
0.0257212	0.04
0.0257216	0.04
0.025722	0.04
0.0257224	0.042
0.0257228	0.042
0.0257232	0.042
0.0257236	0.042
0.025724	0.04
0.0257244	0.04
0.0257248	0.04
0.0257252	0.04
0.0257256	0.04
0.025726	0.04
0.0257264	0.042
0.0257268	0.042
0.0257272	0.042
0.0257276	0.042
0.025728	0.042
0.0257284	0.042
0.0257288	0.04
0.0257292	0.04
0.0257296	0.04
0.02573	0.04
0.0257304	0.04
0.0257308	0.04
0.0257312	0.04
0.0257316	0.04
0.025732	0.038
0.0257324	0.038
0.0257328	0.04
0.0257332	0.04
0.0257336	0.04
0.025734	0.04
0.0257344	0.042
0.0257348	0.042
0.0257352	0.04
0.0257356	0.04
0.025736	0.042
0.0257364	0.042
0.0257368	0.042
0.0257372	0.042
0.0257376	0.04
0.025738	0.04
0.0257384	0.04
0.0257388	0.04
0.0257392	0.04
0.0257396	0.04
0.02574	0.04
0.0257404	0.04
0.0257408	0.042
0.0257412	0.042
0.0257416	0.04
0.025742	0.04
0.0257424	0.04
0.0257428	0.04
0.0257432	0.042
0.0257436	0.042
0.025744	0.04
0.0257444	0.04
0.0257448	0.04
0.0257452	0.04
0.0257456	0.042
0.025746	0.042
0.0257464	0.04
0.0257468	0.04
0.0257472	0.04
0.0257476	0.04
0.025748	0.042
0.0257484	0.042
0.0257488	0.04
0.0257492	0.04
0.0257496	0.04
