0.00988	0.02
0.009881	0.02
0.009882	0.02
0.009883	0.02
0.009884	0.02
0.009885	0.02
0.009886	0.02
0.009887	0.04
0.009888	0.04
0.009889	0.04
0.00989	0.04
0.009891	0.02
0.009892	0.02
0.009893	0.04
0.009894	0.04
0.009895	0.02
0.009896	0.02
0.009897	0.02
0.009898	0.02
0.009899	0.02
0.0099	0.02
0.009901	0.02
0.009902	0.02
0.009903	0.04
0.009904	0.04
0.009905	0.04
0.009906	0.04
0.009907	0
0.009908	0
0.009909	0.04
0.00991	0.04
0.009911	0.02
0.009912	0.02
0.009913	0.02
0.009914	0.02
0.009915	0.02
0.009916	0.02
0.009917	0.02
0.009918	0.02
0.009919	0.02
0.00992	0.02
0.009921	0.02
0.009922	0.02
0.009923	0
0.009924	0
0.009925	0
0.009926	0
0.009927	0.02
0.009928	0.02
0.009929	0.02
0.00993	0.02
0.009931	0.04
0.009932	0.04
0.009933	0.02
0.009934	0.02
0.009935	0.02
0.009936	0.02
0.009937	0.04
0.009938	0.04
0.009939	0.02
0.00994	0.02
0.009941	0.02
0.009942	0.02
0.009943	0.04
0.009944	0.04
0.009945	0.02
0.009946	0.02
0.009947	0.02
0.009948	0.02
0.009949	0.02
0.00995	0.02
0.009951	0.02
0.009952	0.02
0.009953	0.02
0.009954	0.02
0.009955	0.02
0.009956	0.02
0.009957	0.02
0.009958	0.02
0.009959	0.02
0.00996	0.02
0.009961	0.02
0.009962	0.02
0.009963	0.02
0.009964	0.02
0.009965	0.02
0.009966	0.02
0.009967	0.02
0.009968	0.02
0.009969	0.02
0.00997	0.02
0.009971	0
0.009972	0
0.009973	0.02
0.009974	0.02
0.009975	0
0.009976	0
0.009977	0.04
0.009978	0.04
0.009979	0.02
0.00998	0.02
0.009981	0.02
0.009982	0.02
0.009983	0.02
0.009984	0.02
0.009985	0.02
0.009986	0.02
0.009987	0.02
0.009988	0.02
0.009989	0.02
0.00999	0.02
0.009991	0.02
0.009992	0.02
0.009993	0.04
0.009994	0.04
0.009995	0.04
0.009996	0.04
0.009997	0.04
0.009998	0.04
0.009999	0
0.01	0
0.010001	0.02
0.010002	0.02
0.010003	0.02
0.010004	0.02
0.010005	0.02
0.010006	0.02
0.010007	0.02
0.010008	0.02
0.010009	0.02
0.01001	0.02
0.010011	0.02
0.010012	0.02
0.010013	0
0.010014	0
0.010015	0
0.010016	0
0.010017	0.02
0.010018	0.02
0.010019	0
0.01002	0
0.010021	0.02
0.010022	0.02
0.010023	0
0.010024	0
0.010025	0.02
0.010026	0.02
0.010027	0.02
0.010028	0.02
0.010029	0.02
0.01003	0.02
0.010031	0.02
0.010032	0.02
0.010033	0.02
0.010034	0.02
0.010035	0.02
0.010036	0.02
0.010037	0
0.010038	0
0.010039	0.02
0.01004	0.02
0.010041	0.04
0.010042	0.04
0.010043	0.04
0.010044	0.04
0.010045	0
0.010046	0
0.010047	0.02
0.010048	0.02
0.010049	0.02
0.01005	0.02
0.010051	0.02
0.010052	0.02
0.010053	0
0.010054	0
0.010055	0.02
0.010056	0.02
0.010057	0
0.010058	0
0.010059	0.02
0.01006	0.02
0.010061	0
0.010062	0
0.010063	0.02
0.010064	0.02
0.010065	0.02
0.010066	0.02
0.010067	0.04
0.010068	0.04
0.010069	0.02
0.01007	0.02
0.010071	0.04
0.010072	0.04
0.010073	0.02
0.010074	0.02
0.010075	0.02
0.010076	0.02
0.010077	0.02
0.010078	0.02
0.010079	0.02
0.01008	0.02
0.010081	0.02
0.010082	0.02
0.010083	0.04
0.010084	0.04
0.010085	0.02
0.010086	0.02
0.010087	0.02
0.010088	0.02
0.010089	0.02
0.01009	0.02
0.010091	0.02
0.010092	0.02
0.010093	0.02
0.010094	0.02
0.010095	0.02
0.010096	0.02
0.010097	0.02
0.010098	0.02
0.010099	0.04
0.0101	0.04
0.010101	0.02
0.010102	0.02
0.010103	0.02
0.010104	0.02
0.010105	0.02
0.010106	0.02
0.010107	0.02
0.010108	0.02
0.010109	0.02
0.01011	0.02
0.010111	0.02
0.010112	0.02
0.010113	0.02
0.010114	0.02
0.010115	0.04
0.010116	0.04
0.010117	0.02
0.010118	0.02
0.010119	0.02
0.01012	0.02
0.010121	0.02
0.010122	0.02
0.010123	0
0.010124	0
0.010125	0.02
0.010126	0.02
0.010127	0.02
0.010128	0.02
0.010129	0
0.01013	0
0.010131	0.02
0.010132	0.02
0.010133	0.02
0.010134	0.02
0.010135	0.04
0.010136	0.04
0.010137	0.02
0.010138	0.02
0.010139	0.04
0.01014	0.04
0.010141	0.02
0.010142	0.02
0.010143	0.02
0.010144	0.02
0.010145	0.04
0.010146	0.04
0.010147	0.02
0.010148	0.02
0.010149	0
0.01015	0
0.010151	0.02
0.010152	0.02
0.010153	0.04
0.010154	0.04
0.010155	0.02
0.010156	0.02
0.010157	0.02
0.010158	0.02
0.010159	0.02
0.01016	0.02
0.010161	0.04
0.010162	0.04
0.010163	0
0.010164	0
0.010165	0
0.010166	0
0.010167	0.02
0.010168	0.02
0.010169	0.04
0.01017	0.04
0.010171	0.02
0.010172	0.02
0.010173	0.02
0.010174	0.02
0.010175	0.02
0.010176	0.02
0.010177	0.02
0.010178	0.02
0.010179	0.02
0.01018	0.02
0.010181	0.02
0.010182	0.02
0.010183	0.02
0.010184	0.02
0.010185	0.04
0.010186	0.04
0.010187	0.02
0.010188	0.02
0.010189	0.02
0.01019	0.02
0.010191	0.04
0.010192	0.04
0.010193	0.02
0.010194	0.02
0.010195	0
0.010196	0
0.010197	0.02
0.010198	0.02
0.010199	0
0.0102	0
0.010201	0.02
0.010202	0.02
0.010203	0.02
0.010204	0.02
0.010205	0.02
0.010206	0.02
0.010207	0.02
0.010208	0.02
0.010209	0.04
0.01021	0.04
0.010211	0.02
0.010212	0.02
0.010213	0.02
0.010214	0.02
0.010215	0.04
0.010216	0.04
0.010217	0.02
0.010218	0.02
0.010219	0.02
0.01022	0.02
0.010221	0.02
0.010222	0.02
0.010223	0
0.010224	0
0.010225	0.02
0.010226	0.02
0.010227	0.04
0.010228	0.04
0.010229	0
0.01023	0
0.010231	0.02
0.010232	0.02
0.010233	0.04
0.010234	0.04
0.010235	0
0.010236	0
0.010237	0.02
0.010238	0.02
0.010239	0.02
0.01024	0.02
0.010241	0.04
0.010242	0.04
0.010243	0.02
0.010244	0.02
0.010245	0.02
0.010246	0.02
0.010247	0.02
0.010248	0.02
0.010249	0.02
0.01025	0.02
0.010251	0.02
0.010252	0.02
0.010253	0.02
0.010254	0.02
0.010255	0.02
0.010256	0.02
0.010257	0.02
0.010258	0.02
0.010259	0.04
0.01026	0.04
0.010261	0
0.010262	0
0.010263	0.04
0.010264	0.04
0.010265	0.02
0.010266	0.02
0.010267	0.04
0.010268	0.04
0.010269	0.02
0.01027	0.02
0.010271	0.02
0.010272	0.02
0.010273	0.02
0.010274	0.02
0.010275	0.02
0.010276	0.02
0.010277	0.04
0.010278	0.04
0.010279	0.04
0.01028	0.04
0.010281	0.02
0.010282	0.02
0.010283	0.02
0.010284	0.02
0.010285	0.04
0.010286	0.04
0.010287	0
0.010288	0
0.010289	0.04
0.01029	0.04
0.010291	0
0.010292	0
0.010293	0.04
0.010294	0.04
0.010295	0
0.010296	0
0.010297	0.02
0.010298	0.02
0.010299	0
0.0103	0
0.010301	0.02
0.010302	0.02
0.010303	0.02
0.010304	0.02
0.010305	0.02
0.010306	0.02
0.010307	0.02
0.010308	0.02
0.010309	0.02
0.01031	0.02
0.010311	0.04
0.010312	0.04
0.010313	0.02
0.010314	0.02
0.010315	0.02
0.010316	0.02
0.010317	0.04
0.010318	0.04
0.010319	0.02
0.01032	0.02
0.010321	0.04
0.010322	0.04
0.010323	0.02
0.010324	0.02
0.010325	0.02
0.010326	0.02
0.010327	0.02
0.010328	0.02
0.010329	0.02
0.01033	0.02
0.010331	0.04
0.010332	0.04
0.010333	0.02
0.010334	0.02
0.010335	0
0.010336	0
0.010337	0.02
0.010338	0.02
0.010339	0.02
0.01034	0.02
0.010341	0.04
0.010342	0.04
0.010343	0
0.010344	0
0.010345	0.02
0.010346	0.02
0.010347	0.02
0.010348	0.02
0.010349	0.02
0.01035	0.02
0.010351	0.04
0.010352	0.04
0.010353	0.02
0.010354	0.02
0.010355	0.04
0.010356	0.04
0.010357	0.02
0.010358	0.02
0.010359	0.02
0.01036	0.02
0.010361	0.02
0.010362	0.02
0.010363	0.04
0.010364	0.04
0.010365	0.04
0.010366	0.04
0.010367	0.02
0.010368	0.02
0.010369	0.02
0.01037	0.02
0.010371	0.02
0.010372	0.02
0.010373	0.02
0.010374	0.02
0.010375	0.02
0.010376	0.02
0.010377	0.02
0.010378	0.02
0.010379	0.02
0.01038	0.02
0.010381	0.02
0.010382	0.02
0.010383	0.04
0.010384	0.04
0.010385	0.02
0.010386	0.02
0.010387	0.02
0.010388	0.02
0.010389	0.02
0.01039	0.02
0.010391	0
0.010392	0
0.010393	0.02
0.010394	0.02
0.010395	0.02
0.010396	0.02
0.010397	0.02
0.010398	0.02
0.010399	0.02
0.0104	0.02
0.010401	0.02
0.010402	0.02
0.010403	0.02
0.010404	0.02
0.010405	0.02
0.010406	0.02
0.010407	0.02
0.010408	0.02
0.010409	0
0.01041	0
0.010411	0.02
0.010412	0.02
0.010413	0.02
0.010414	0.02
0.010415	0.02
0.010416	0.02
0.010417	0.02
0.010418	0.02
0.010419	0.02
0.01042	0.02
0.010421	0.02
0.010422	0.02
0.010423	0.02
0.010424	0.02
0.010425	0
0.010426	0
0.010427	0.02
0.010428	0.02
0.010429	0.04
0.01043	0.04
0.010431	0.04
0.010432	0.04
0.010433	0.02
0.010434	0.02
0.010435	0.04
0.010436	0.04
0.010437	0.02
0.010438	0.02
0.010439	0.02
0.01044	0.02
0.010441	0.04
0.010442	0.04
0.010443	0.02
0.010444	0.02
0.010445	0.02
0.010446	0.02
0.010447	0.02
0.010448	0.02
0.010449	0.02
0.01045	0.02
0.010451	0.04
0.010452	0.04
0.010453	0.02
0.010454	0.02
0.010455	0.02
0.010456	0.02
0.010457	0.04
0.010458	0.04
0.010459	0.02
0.01046	0.02
0.010461	0.02
0.010462	0.02
0.010463	0.02
0.010464	0.02
0.010465	0.02
0.010466	0.02
0.010467	0.04
0.010468	0.04
0.010469	0.02
0.01047	0.02
0.010471	0
0.010472	0
0.010473	0.02
0.010474	0.02
0.010475	0.02
0.010476	0.02
0.010477	0.02
0.010478	0.02
0.010479	0.04
0.01048	0.04
0.010481	0.02
0.010482	0.02
0.010483	0.02
0.010484	0.02
0.010485	0.02
0.010486	0.02
0.010487	0.02
0.010488	0.02
0.010489	0
0.01049	0
0.010491	0.02
0.010492	0.02
0.010493	0.04
0.010494	0.04
0.010495	0.02
0.010496	0.02
0.010497	0.02
0.010498	0.02
0.010499	0.02
0.0105	0.02
0.010501	0
0.010502	0
0.010503	0
0.010504	0
0.010505	0.04
0.010506	0.04
0.010507	0.02
0.010508	0.02
0.010509	0.04
0.01051	0.04
0.010511	0.02
0.010512	0.02
0.010513	0
0.010514	0
0.010515	0.02
0.010516	0.02
0.010517	0
0.010518	0
0.010519	0.02
0.01052	0.02
0.010521	0
0.010522	0
0.010523	0.02
0.010524	0.02
0.010525	0.02
0.010526	0.02
0.010527	0.02
0.010528	0.02
0.010529	0.02
0.01053	0.02
0.010531	0.04
0.010532	0.04
0.010533	0.04
0.010534	0.04
0.010535	0.02
0.010536	0.02
0.010537	0.02
0.010538	0.02
0.010539	0.04
0.01054	0.04
0.010541	0
0.010542	0
0.010543	0.04
0.010544	0.04
0.010545	0.04
0.010546	0.04
0.010547	0.02
0.010548	0.02
0.010549	0
0.01055	0
0.010551	0.02
0.010552	0.02
0.010553	0.02
0.010554	0.02
0.010555	0.04
0.010556	0.04
0.010557	0.02
0.010558	0.02
0.010559	0.02
0.01056	0.02
0.010561	0.04
0.010562	0.04
0.010563	0.02
0.010564	0.02
0.010565	0.02
0.010566	0.02
0.010567	0.02
0.010568	0.02
0.010569	0.02
0.01057	0.02
0.010571	0.04
0.010572	0.04
0.010573	0.02
0.010574	0.02
0.010575	0
0.010576	0
0.010577	0.02
0.010578	0.02
0.010579	0.02
0.01058	0.02
0.010581	0.02
0.010582	0.02
0.010583	0.02
0.010584	0.02
0.010585	0.02
0.010586	0.02
0.010587	0.02
0.010588	0.02
0.010589	0.04
0.01059	0.04
0.010591	0.02
0.010592	0.02
0.010593	0.04
0.010594	0.04
0.010595	0.02
0.010596	0.02
0.010597	0
0.010598	0
0.010599	0.02
0.0106	0.02
0.010601	0.02
0.010602	0.02
0.010603	0.02
0.010604	0.02
0.010605	0.04
0.010606	0.04
0.010607	0.02
0.010608	0.02
0.010609	0.02
0.01061	0.02
0.010611	0.02
0.010612	0.02
0.010613	0.02
0.010614	0.02
0.010615	0.04
0.010616	0.04
0.010617	0.02
0.010618	0.02
0.010619	0.02
0.01062	0.02
0.010621	0
0.010622	0
0.010623	0.02
0.010624	0.02
0.010625	0.02
0.010626	0.02
0.010627	0.04
0.010628	0.04
0.010629	0.04
0.01063	0.04
0.010631	0.04
0.010632	0.04
0.010633	0.04
0.010634	0.04
0.010635	0.04
0.010636	0.04
0.010637	0.02
0.010638	0.02
0.010639	0.02
0.01064	0.02
0.010641	0.02
0.010642	0.02
0.010643	0.04
0.010644	0.04
0.010645	0.02
0.010646	0.02
0.010647	0.02
0.010648	0.02
0.010649	0.02
0.01065	0.02
0.010651	0.02
0.010652	0.02
0.010653	0.02
0.010654	0.02
0.010655	0.02
0.010656	0.02
0.010657	0.02
0.010658	0.02
0.010659	0.02
0.01066	0.02
0.010661	0.02
0.010662	0.02
0.010663	0.02
0.010664	0.02
0.010665	0.02
0.010666	0.02
0.010667	0.04
0.010668	0.04
0.010669	0.04
0.01067	0.04
0.010671	0.02
0.010672	0.02
0.010673	0.02
0.010674	0.02
0.010675	0.04
0.010676	0.04
0.010677	0.04
0.010678	0.04
0.010679	0.02
0.01068	0.02
0.010681	0.02
0.010682	0.02
0.010683	0.02
0.010684	0.02
0.010685	0.02
0.010686	0.02
0.010687	0.02
0.010688	0.02
0.010689	0.02
0.01069	0.02
0.010691	0.04
0.010692	0.04
0.010693	0.02
0.010694	0.02
0.010695	0.02
0.010696	0.02
0.010697	0.04
0.010698	0.04
0.010699	0.04
0.0107	0.04
0.010701	0.04
0.010702	0.04
0.010703	0.02
0.010704	0.02
0.010705	0.02
0.010706	0.02
0.010707	0.02
0.010708	0.02
0.010709	0.02
0.01071	0.02
0.010711	0.02
0.010712	0.02
0.010713	0.02
0.010714	0.02
0.010715	0.04
0.010716	0.04
0.010717	0.02
0.010718	0.02
0.010719	0
0.01072	0
0.010721	0.04
0.010722	0.04
0.010723	0.02
0.010724	0.02
0.010725	0.02
0.010726	0.02
0.010727	0.02
0.010728	0.02
0.010729	0
0.01073	0
0.010731	0.02
0.010732	0.02
0.010733	0.04
0.010734	0.04
0.010735	0.04
0.010736	0.04
0.010737	0.04
0.010738	0.04
0.010739	0.04
0.01074	0.04
0.010741	0.04
0.010742	0.04
0.010743	0.04
0.010744	0.04
0.010745	0.04
0.010746	0.04
0.010747	0.02
0.010748	0.02
0.010749	0.02
0.01075	0.02
0.010751	0.02
0.010752	0.02
0.010753	0.02
0.010754	0.02
0.010755	0.02
0.010756	0.02
0.010757	0.04
0.010758	0.04
0.010759	0.04
0.01076	0.04
0.010761	0.06
0.010762	0.06
0.010763	0.02
0.010764	0.02
0.010765	0.04
0.010766	0.04
0.010767	0.06
0.010768	0.06
0.010769	0.04
0.01077	0.04
0.010771	0.04
0.010772	0.04
0.010773	0.04
0.010774	0.04
0.010775	0.04
0.010776	0.04
0.010777	0.04
0.010778	0.04
0.010779	0.06
0.01078	0.06
0.010781	0.08
0.010782	0.08
0.010783	0.08
0.010784	0.08
0.010785	0.14
0.010786	0.14
0.010787	0.2
0.010788	0.2
0.010789	0.3
0.01079	0.3
0.010791	0.38
0.010792	0.38
0.010793	0.52
0.010794	0.52
0.010795	0.66
0.010796	0.9
0.010797	0.88
0.010798	1.22
0.010799	1.2
0.0108	1.46
0.010801	1.4
0.010802	1.64
0.010803	1.62
0.010804	1.86
0.010805	1.84
0.010806	2.16
0.010807	2.14
0.010808	2.46
0.010809	2.44
0.01081	2.92
0.010811	2.9
0.010812	3.12
0.010813	3.1
0.010814	3.1
0.010815	3.12
0.010816	3.12
0.010817	2.98
0.010818	2.98
0.010819	2.78
0.01082	2.52
0.010821	2.52
0.010822	2.18
0.010823	2.18
0.010824	1.58
0.010825	1.58
0.010826	1.22
0.010827	1.24
0.010828	0.94
0.010829	0.94
0.01083	0.62
0.010831	0.64
0.010832	0.64
0.010833	0.48
0.010834	0.48
0.010835	0.32
0.010836	0.32
0.010837	0.26
0.010838	0.26
0.010839	0.2
0.01084	0.2
0.010841	0.14
0.010842	0.14
0.010843	0.1
0.010844	0.1
0.010845	0.08
0.010846	0.08
0.010847	0.08
0.010848	0.08
0.010849	0.04
0.01085	0.04
0.010851	0.06
0.010852	0.06
0.010853	0.06
0.010854	0.06
0.010855	0.04
0.010856	0.04
0.010857	0.02
0.010858	0.02
0.010859	0.04
0.01086	0.04
0.010861	0.04
0.010862	0.04
0.010863	0.02
0.010864	0.02
0.010865	0.04
0.010866	0.04
0.010867	0.04
0.010868	0.04
0.010869	0.02
0.01087	0.02
0.010871	0.04
0.010872	0.04
0.010873	0.04
0.010874	0.04
0.010875	0.04
0.010876	0.04
0.010877	0.04
0.010878	0.04
0.010879	0.02
0.01088	0.02
0.010881	0.02
0.010882	0.02
0.010883	0.04
0.010884	0.04
0.010885	0.02
0.010886	0.02
0.010887	0.02
0.010888	0.02
0.010889	0.02
0.01089	0.02
0.010891	0.02
0.010892	0.02
0.010893	0.04
0.010894	0.04
0.010895	0.02
0.010896	0.02
0.010897	0.04
0.010898	0.04
0.010899	0.04
0.0109	0.04
0.010901	0.02
0.010902	0.02
0.010903	0.02
0.010904	0.02
0.010905	0.02
0.010906	0.02
0.010907	0.02
0.010908	0.02
0.010909	0.04
0.01091	0.04
0.010911	0.02
0.010912	0.02
0.010913	0.02
0.010914	0.02
0.010915	0
0.010916	0
0.010917	0.04
0.010918	0.04
0.010919	0.04
0.01092	0.04
0.010921	0.02
0.010922	0.02
0.010923	0.02
0.010924	0.02
0.010925	0.02
0.010926	0.02
0.010927	0.04
0.010928	0.04
0.010929	0.04
0.01093	0.04
0.010931	0.02
0.010932	0.02
0.010933	0.04
0.010934	0.04
0.010935	0.02
0.010936	0.02
0.010937	0.02
0.010938	0.02
0.010939	0.04
0.01094	0.04
0.010941	0.02
0.010942	0.02
0.010943	0.02
0.010944	0.02
0.010945	0.02
0.010946	0.02
0.010947	0.02
0.010948	0.02
0.010949	0.04
0.01095	0.04
0.010951	0.04
0.010952	0.04
0.010953	0.02
0.010954	0.02
0.010955	0.02
0.010956	0.02
0.010957	0.02
0.010958	0.02
0.010959	0.02
0.01096	0.02
0.010961	0.02
0.010962	0.02
0.010963	0.02
0.010964	0.02
0.010965	0.04
0.010966	0.04
0.010967	0.02
0.010968	0.02
0.010969	0.04
0.01097	0.04
0.010971	0.02
0.010972	0.02
0.010973	0.04
0.010974	0.04
0.010975	0.02
0.010976	0.02
0.010977	0.02
0.010978	0.02
0.010979	0.02
0.01098	0.02
0.010981	0.02
0.010982	0.02
0.010983	0.02
0.010984	0.02
0.010985	0.02
0.010986	0.02
0.010987	0.02
0.010988	0.02
0.010989	0.02
0.01099	0.02
0.010991	0.02
0.010992	0.02
0.010993	0.02
0.010994	0.02
0.010995	0.02
0.010996	0.02
0.010997	0.04
0.010998	0.04
0.010999	0.04
0.011	0.04
0.011001	0.02
0.011002	0.02
0.011003	0.02
0.011004	0.02
0.011005	0.02
0.011006	0.02
0.011007	0.02
0.011008	0.02
0.011009	0.02
0.01101	0.02
0.011011	0.02
0.011012	0.02
0.011013	0.02
0.011014	0.02
0.011015	0.02
0.011016	0.02
0.011017	0.02
0.011018	0.02
0.011019	0.02
0.01102	0.02
0.011021	0
0.011022	0
0.011023	0.02
0.011024	0.02
0.011025	0
0.011026	0
0.011027	0.04
0.011028	0.04
0.011029	0.02
0.01103	0.02
0.011031	0.02
0.011032	0.02
0.011033	0.02
0.011034	0.02
0.011035	0.02
0.011036	0.02
0.011037	0.02
0.011038	0.02
0.011039	0.02
0.01104	0.02
0.011041	0.02
0.011042	0.02
0.011043	0
0.011044	0
0.011045	0.02
0.011046	0.02
0.011047	0
0.011048	0
0.011049	0.04
0.01105	0.04
0.011051	0.04
0.011052	0.04
0.011053	0.04
0.011054	0.04
0.011055	0.02
0.011056	0.02
0.011057	0.02
0.011058	0.02
0.011059	0.02
0.01106	0.02
0.011061	0.04
0.011062	0.04
0.011063	0.02
0.011064	0.02
0.011065	0.02
0.011066	0.02
0.011067	0.02
0.011068	0.02
0.011069	0.04
0.01107	0.04
0.011071	0.02
0.011072	0.02
0.011073	0.04
0.011074	0.04
0.011075	0.02
0.011076	0.02
0.011077	0.04
0.011078	0.04
0.011079	0
0.01108	0
0.011081	0.02
0.011082	0.02
0.011083	0.04
0.011084	0.04
0.011085	0.04
0.011086	0.04
0.011087	0.02
0.011088	0.02
0.011089	0.04
0.01109	0.04
0.011091	0.02
0.011092	0.02
0.011093	0.02
0.011094	0.02
0.011095	0.02
0.011096	0.02
0.011097	0
0.011098	0
0.011099	0.02
0.0111	0.02
0.011101	0
0.011102	0
0.011103	0.02
0.011104	0.02
0.011105	0.02
0.011106	0.02
0.011107	0
0.011108	0
0.011109	0.04
0.01111	0.04
0.011111	0.02
0.011112	0.02
0.011113	0.02
0.011114	0.02
0.011115	0.04
0.011116	0.04
0.011117	0.02
0.011118	0.02
0.011119	0
0.01112	0
0.011121	0.04
0.011122	0.04
0.011123	0.04
0.011124	0.04
0.011125	0
0.011126	0
0.011127	0
0.011128	0
0.011129	0.02
0.01113	0.02
0.011131	0.04
0.011132	0.04
0.011133	0.02
0.011134	0.02
0.011135	0.02
0.011136	0.02
0.011137	0.04
0.011138	0.04
0.011139	0.02
0.01114	0.02
0.011141	0.02
0.011142	0.02
0.011143	0.02
0.011144	0.02
0.011145	0.04
0.011146	0.04
0.011147	0.02
0.011148	0.02
0.011149	0.02
0.01115	0.02
0.011151	0.02
0.011152	0.02
0.011153	0.02
0.011154	0.02
0.011155	0
0.011156	0
0.011157	0.04
0.011158	0.04
0.011159	0.02
0.01116	0.02
0.011161	0.02
0.011162	0.02
0.011163	0.04
0.011164	0.04
0.011165	0.04
0.011166	0.04
0.011167	0.02
0.011168	0.02
0.011169	0.04
0.01117	0.04
0.011171	0.04
0.011172	0.04
0.011173	0.04
0.011174	0.04
0.011175	0.06
0.011176	0.06
0.011177	0.06
0.011178	0.06
0.011179	0.06
0.01118	0.06
0.011181	0.1
0.011182	0.1
0.011183	0.1
0.011184	0.1
0.011185	0.14
0.011186	0.14
0.011187	0.2
0.011188	0.2
0.011189	0.22
0.01119	0.22
0.011191	0.34
0.011192	0.34
0.011193	0.4
0.011194	0.4
0.011195	0.5
0.011196	0.5
0.011197	0.62
0.011198	0.62
0.011199	0.78
0.0112	0.78
0.011201	0.92
0.011202	1.34
0.011203	1.32
0.011204	1.62
0.011205	1.62
0.011206	1.84
0.011207	1.84
0.011208	1.84
0.011209	2.02
0.01121	2.34
0.011211	2.36
0.011212	2.66
0.011213	2.62
0.011214	2.9
0.011215	2.86
0.011216	3.08
0.011217	3.06
0.011218	3.06
0.011219	3.08
0.01122	3.08
0.011221	3.08
0.011222	2.86
0.011223	2.9
0.011224	2.68
0.011225	2.7
0.011226	2.44
0.011227	2.46
0.011228	2.24
0.011229	2.26
0.01123	2.02
0.011231	2.06
0.011232	2.06
0.011233	1.94
0.011234	1.7
0.011235	1.74
0.011236	1.5
0.011237	1.52
0.011238	1.2
0.011239	1.2
0.01124	1.2
0.011241	1
0.011242	1
0.011243	0.86
0.011244	0.86
0.011245	0.72
0.011246	0.72
0.011247	0.6
0.011248	0.6
0.011249	0.52
0.01125	0.52
0.011251	0.42
0.011252	0.42
0.011253	0.32
0.011254	0.32
0.011255	0.22
0.011256	0.22
0.011257	0.14
0.011258	0.14
0.011259	0.14
0.01126	0.14
0.011261	0.12
0.011262	0.12
0.011263	0.1
0.011264	0.1
0.011265	0.06
0.011266	0.06
0.011267	0.06
0.011268	0.06
0.011269	0.04
0.01127	0.04
0.011271	0.06
0.011272	0.06
0.011273	0.04
0.011274	0.04
0.011275	0.04
0.011276	0.04
0.011277	0.04
0.011278	0.04
0.011279	0.04
0.01128	0.04
0.011281	0.04
0.011282	0.04
0.011283	0.04
0.011284	0.04
0.011285	0.04
0.011286	0.04
0.011287	0.02
0.011288	0.02
0.011289	0.04
0.01129	0.04
0.011291	0.02
0.011292	0.02
0.011293	0.04
0.011294	0.04
0.011295	0.04
0.011296	0.04
0.011297	0.04
0.011298	0.04
0.011299	0.02
0.0113	0.02
0.011301	0.04
0.011302	0.04
0.011303	0.04
0.011304	0.04
0.011305	0.04
0.011306	0.04
0.011307	0.04
0.011308	0.04
0.011309	0.02
0.01131	0.02
0.011311	0.04
0.011312	0.04
0.011313	0.02
0.011314	0.02
0.011315	0.04
0.011316	0.04
0.011317	0.04
0.011318	0.04
0.011319	0.02
0.01132	0.02
0.011321	0.04
0.011322	0.04
0.011323	0.04
0.011324	0.04
0.011325	0.02
0.011326	0.02
0.011327	0.02
0.011328	0.02
0.011329	0.04
0.01133	0.04
0.011331	0.02
0.011332	0.02
0.011333	0.02
0.011334	0.02
0.011335	0.04
0.011336	0.04
0.011337	0.02
0.011338	0.02
0.011339	0.02
0.01134	0.02
0.011341	0.02
0.011342	0.02
0.011343	0.04
0.011344	0.04
0.011345	0.04
0.011346	0.04
0.011347	0.02
0.011348	0.02
0.011349	0.02
0.01135	0.02
0.011351	0.02
0.011352	0.02
0.011353	0.02
0.011354	0.02
0.011355	0.02
0.011356	0.02
0.011357	0.02
0.011358	0.02
0.011359	0.02
0.01136	0.02
0.011361	0.02
0.011362	0.02
0.011363	0.02
0.011364	0.02
0.011365	0.02
0.011366	0.02
0.011367	0.02
0.011368	0.02
0.011369	0.02
0.01137	0.02
0.011371	0.02
0.011372	0.02
0.011373	0.02
0.011374	0.02
0.011375	0.04
0.011376	0.04
0.011377	0.02
0.011378	0.02
0.011379	0.02
0.01138	0.02
0.011381	0
0.011382	0
0.011383	0.02
0.011384	0.02
0.011385	0.02
0.011386	0.02
0.011387	0.02
0.011388	0.02
0.011389	0.02
0.01139	0.02
0.011391	0
0.011392	0
0.011393	0.02
0.011394	0.02
0.011395	0.02
0.011396	0.02
0.011397	0.02
0.011398	0.02
0.011399	0
0.0114	0
0.011401	0.02
0.011402	0.02
0.011403	0.04
0.011404	0.04
0.011405	0
0.011406	0
0.011407	0.02
0.011408	0.02
0.011409	0.02
0.01141	0.02
0.011411	0.02
0.011412	0.02
0.011413	0.02
0.011414	0.02
0.011415	0.02
0.011416	0.02
0.011417	0.02
0.011418	0.02
0.011419	0.02
0.01142	0.02
0.011421	0.04
0.011422	0.04
0.011423	0.02
0.011424	0.02
0.011425	0.02
0.011426	0.02
0.011427	0.02
0.011428	0.02
0.011429	0
0.01143	0
0.011431	0.02
0.011432	0.02
0.011433	0.04
0.011434	0.04
0.011435	0.02
0.011436	0.02
0.011437	0
0.011438	0
0.011439	0.02
0.01144	0.02
0.011441	0.02
0.011442	0.02
0.011443	0.02
0.011444	0.02
0.011445	0.02
0.011446	0.02
0.011447	0.04
0.011448	0.04
0.011449	0
0.01145	0
0.011451	0.02
0.011452	0.02
0.011453	0.04
0.011454	0.04
0.011455	0.04
0.011456	0.04
0.011457	0.02
0.011458	0.02
0.011459	0.02
0.01146	0.02
0.011461	0.02
0.011462	0.02
0.011463	0.02
0.011464	0.02
0.011465	0
0.011466	0
0.011467	0.02
0.011468	0.02
0.011469	0.02
0.01147	0.02
0.011471	0.02
0.011472	0.02
0.011473	0.02
0.011474	0.02
0.011475	0.04
0.011476	0.04
0.011477	0.02
0.011478	0.02
0.011479	0.02
0.01148	0.02
0.011481	0
0.011482	0
0.011483	0.02
0.011484	0.02
0.011485	0.02
0.011486	0.02
0.011487	0.02
0.011488	0.02
0.011489	0
0.01149	0
0.011491	0
0.011492	0
0.011493	0.04
0.011494	0.04
0.011495	0.02
0.011496	0.02
0.011497	0.02
0.011498	0.02
0.011499	0
0.0115	0
0.011501	0.02
0.011502	0.02
0.011503	0.04
0.011504	0.04
0.011505	0.02
0.011506	0.02
0.011507	0
0.011508	0
0.011509	0.02
0.01151	0.02
0.011511	0.02
0.011512	0.02
0.011513	0.02
0.011514	0.02
0.011515	0.02
0.011516	0.02
0.011517	0
0.011518	0
0.011519	0
0.01152	0
0.011521	0
0.011522	0
0.011523	0
0.011524	0
0.011525	0
0.011526	0
0.011527	0.02
0.011528	0.02
0.011529	0.02
0.01153	0.02
0.011531	0.02
0.011532	0.02
0.011533	0.02
0.011534	0.02
0.011535	0.02
0.011536	0.02
0.011537	0.02
0.011538	0.02
0.011539	0.02
0.01154	0.02
0.011541	0.02
0.011542	0.02
0.011543	0.02
0.011544	0.02
0.011545	0.02
0.011546	0.02
0.011547	0.02
0.011548	0.02
0.011549	0.02
0.01155	0.02
0.011551	0.04
0.011552	0.04
0.011553	0.04
0.011554	0.04
0.011555	0.02
0.011556	0.02
0.011557	0.02
0.011558	0.02
0.011559	0
0.01156	0
0.011561	0.02
0.011562	0.02
0.011563	0.04
0.011564	0.04
0.011565	0.02
0.011566	0.02
0.011567	0.02
0.011568	0.02
0.011569	0.02
0.01157	0.02
0.011571	0.04
0.011572	0.04
0.011573	0.02
0.011574	0.02
0.011575	0.04
0.011576	0.04
0.011577	0.02
0.011578	0.02
0.011579	0.02
0.01158	0.02
0.011581	0.02
0.011582	0.02
0.011583	0
0.011584	0
0.011585	0.04
0.011586	0.04
0.011587	0.04
0.011588	0.04
0.011589	0.02
0.01159	0.02
0.011591	0
0.011592	0
0.011593	0.04
0.011594	0.04
0.011595	0.02
0.011596	0.02
0.011597	0.02
0.011598	0.02
0.011599	0.02
0.0116	0.02
0.011601	0.02
0.011602	0.02
0.011603	0.04
0.011604	0.04
0.011605	0.02
0.011606	0.02
0.011607	0.04
0.011608	0.04
0.011609	0.02
0.01161	0.02
0.011611	0.02
0.011612	0.02
0.011613	0.02
0.011614	0.02
0.011615	0.02
0.011616	0.02
0.011617	0.04
0.011618	0.04
0.011619	0.04
0.01162	0.04
0.011621	0.02
0.011622	0.02
0.011623	0.02
0.011624	0.02
0.011625	0.04
0.011626	0.04
0.011627	0.02
0.011628	0.02
0.011629	0.02
0.01163	0.02
0.011631	0.02
0.011632	0.02
0.011633	0.04
0.011634	0.04
0.011635	0.02
0.011636	0.02
0.011637	0.02
0.011638	0.02
0.011639	0.02
0.01164	0.02
0.011641	0.02
0.011642	0.02
0.011643	0.02
0.011644	0.02
0.011645	0.02
0.011646	0.02
0.011647	0.02
0.011648	0.02
0.011649	0.02
0.01165	0.02
0.011651	0.02
0.011652	0.02
0.011653	0
0.011654	0
0.011655	0
0.011656	0
0.011657	0
0.011658	0
0.011659	0.02
0.01166	0.02
0.011661	0
0.011662	0
0.011663	0.02
0.011664	0.02
0.011665	0.02
0.011666	0.02
0.011667	0
0.011668	0
0.011669	0
0.01167	0
0.011671	0
0.011672	0
0.011673	0
0.011674	0
0.011675	0.02
0.011676	0.02
0.011677	0.02
0.011678	0.02
0.011679	0.02
0.01168	0.02
0.011681	0
0.011682	0
0.011683	0.02
0.011684	0.02
0.011685	0.02
0.011686	0.02
0.011687	0.02
0.011688	0.02
0.011689	0.02
0.01169	0.02
0.011691	0.02
0.011692	0.02
0.011693	0.02
0.011694	0.02
0.011695	0.02
0.011696	0.02
0.011697	0.04
0.011698	0.04
0.011699	0.02
0.0117	0.02
0.011701	0
0.011702	0
0.011703	0.02
0.011704	0.02
0.011705	0.04
0.011706	0.04
0.011707	0.02
0.011708	0.02
0.011709	0.04
0.01171	0.04
0.011711	0.04
0.011712	0.04
0.011713	0.02
0.011714	0.02
0.011715	0.02
0.011716	0.02
0.011717	0.02
0.011718	0.02
0.011719	0.02
0.01172	0.02
0.011721	0.02
0.011722	0.02
0.011723	0.02
0.011724	0.02
0.011725	0.02
0.011726	0.02
0.011727	0.02
0.011728	0.02
0.011729	0.02
0.01173	0.02
0.011731	0.02
0.011732	0.02
0.011733	0.02
0.011734	0.02
0.011735	0.02
0.011736	0.02
0.011737	0.02
0.011738	0.02
0.011739	0.02
0.01174	0.02
0.011741	0.04
0.011742	0.04
0.011743	0.02
0.011744	0.02
0.011745	0.02
0.011746	0.02
0.011747	0.04
0.011748	0.04
0.011749	0
0.01175	0
0.011751	0
0.011752	0
0.011753	0.02
0.011754	0.02
0.011755	0.02
0.011756	0.02
0.011757	0.04
0.011758	0.04
0.011759	0
0.01176	0
0.011761	0.02
0.011762	0.02
0.011763	0.02
0.011764	0.02
0.011765	0.02
0.011766	0.02
0.011767	0.02
0.011768	0.02
0.011769	0.02
0.01177	0.02
0.011771	0.02
0.011772	0.02
0.011773	0.02
0.011774	0.02
0.011775	0.02
0.011776	0.02
0.011777	0.04
0.011778	0.04
0.011779	0.02
0.01178	0.02
0.011781	0.02
0.011782	0.02
0.011783	0.02
0.011784	0.02
0.011785	0
0.011786	0
0.011787	0.02
0.011788	0.02
0.011789	0.04
0.01179	0.04
0.011791	0.04
0.011792	0.04
0.011793	0
0.011794	0
0.011795	0.02
0.011796	0.02
0.011797	0.02
0.011798	0.02
0.011799	0.04
0.0118	0.04
0.011801	0.02
0.011802	0.02
0.011803	0
0.011804	0
0.011805	0.02
0.011806	0.02
0.011807	0.02
0.011808	0.02
0.011809	0.02
0.01181	0.02
0.011811	0.04
0.011812	0.04
0.011813	0.02
0.011814	0.02
0.011815	0.02
0.011816	0.02
0.011817	0.02
0.011818	0.02
0.011819	0.02
0.01182	0.02
0.011821	0.02
0.011822	0.02
0.011823	0.02
0.011824	0.02
0.011825	0.02
0.011826	0.02
0.011827	0.02
0.011828	0.02
0.011829	0.02
0.01183	0.02
0.011831	0.02
0.011832	0.02
0.011833	0.02
0.011834	0.02
0.011835	0.02
0.011836	0.02
0.011837	0
0.011838	0
0.011839	0.04
0.01184	0.04
0.011841	0.02
0.011842	0.02
0.011843	0.04
0.011844	0.04
0.011845	0.02
0.011846	0.02
0.011847	0.02
0.011848	0.02
0.011849	0.02
0.01185	0.02
0.011851	0
0.011852	0
0.011853	0.02
0.011854	0.02
0.011855	0.02
0.011856	0.02
0.011857	0
0.011858	0
0.011859	0.04
0.01186	0.04
0.011861	0.02
0.011862	0.02
0.011863	0.02
0.011864	0.02
0.011865	0.02
0.011866	0.02
0.011867	0.02
0.011868	0.02
0.011869	0.02
0.01187	0.02
0.011871	0
0.011872	0
0.011873	0.02
0.011874	0.02
0.011875	0.02
0.011876	0.02
0.011877	0.04
0.011878	0.04
0.011879	0.04
0.01188	0.04
0.011881	0.04
0.011882	0.04
0.011883	0.02
0.011884	0.02
0.011885	0.02
0.011886	0.02
0.011887	0.02
0.011888	0.02
0.011889	0.04
0.01189	0.04
0.011891	0.02
0.011892	0.02
0.011893	0.02
0.011894	0.02
0.011895	0.02
0.011896	0.02
0.011897	0.02
0.011898	0.02
0.011899	0.02
0.0119	0.02
0.011901	0.02
0.011902	0.02
0.011903	0.02
0.011904	0.02
0.011905	0.04
0.011906	0.04
0.011907	0.04
0.011908	0.04
0.011909	0.02
0.01191	0.02
0.011911	0.02
0.011912	0.02
0.011913	0.02
0.011914	0.02
0.011915	0.02
0.011916	0.02
0.011917	0
0.011918	0
0.011919	0.02
0.01192	0.02
0.011921	0.02
0.011922	0.02
0.011923	0.02
0.011924	0.02
0.011925	0.02
0.011926	0.02
0.011927	0.02
0.011928	0.02
0.011929	0.02
0.01193	0.02
0.011931	0.02
0.011932	0.02
0.011933	0.02
0.011934	0.02
0.011935	0.02
0.011936	0.02
0.011937	0
0.011938	0
0.011939	0.02
0.01194	0.02
0.011941	0.02
0.011942	0.02
0.011943	0.02
0.011944	0.02
0.011945	0.02
0.011946	0.02
0.011947	0.02
0.011948	0.02
0.011949	0.02
0.01195	0.02
0.011951	0.02
0.011952	0.02
0.011953	0.04
0.011954	0.04
0.011955	0.02
0.011956	0.02
0.011957	0.02
0.011958	0.02
0.011959	0.02
0.01196	0.02
0.011961	0.02
0.011962	0.02
0.011963	0.04
0.011964	0.04
0.011965	0.02
0.011966	0.02
0.011967	0
0.011968	0
0.011969	0.02
0.01197	0.02
0.011971	0.04
0.011972	0.04
0.011973	0.02
0.011974	0.02
0.011975	0.04
0.011976	0.04
0.011977	0.02
0.011978	0.02
0.011979	0
0.01198	0
0.011981	0.02
0.011982	0.02
0.011983	0.02
0.011984	0.02
0.011985	0.02
0.011986	0.02
0.011987	0.02
0.011988	0.02
0.011989	0.02
0.01199	0.02
0.011991	0.02
0.011992	0.02
0.011993	0.02
0.011994	0.02
0.011995	0.02
0.011996	0.02
0.011997	0.04
0.011998	0.04
0.011999	0.02
0.012	0.02
0.012001	0.02
0.012002	0.02
0.012003	0.04
0.012004	0.04
0.012005	0.02
0.012006	0.02
0.012007	0.02
0.012008	0.02
0.012009	0.02
0.01201	0.02
0.012011	0.02
0.012012	0.02
0.012013	0.02
0.012014	0.02
0.012015	0.02
0.012016	0.02
0.012017	0.02
0.012018	0.02
0.012019	0.02
0.01202	0.02
0.012021	0.02
0.012022	0.02
0.012023	0.02
0.012024	0.02
0.012025	0.02
0.012026	0.02
0.012027	0.02
0.012028	0.02
0.012029	0.02
0.01203	0.02
0.012031	0.04
0.012032	0.04
0.012033	0.02
0.012034	0.02
0.012035	0.02
0.012036	0.02
0.012037	0.04
0.012038	0.04
0.012039	0.02
0.01204	0.02
0.012041	0.02
0.012042	0.02
0.012043	0.02
0.012044	0.02
0.012045	0.02
0.012046	0.02
0.012047	0
0.012048	0
0.012049	0.02
0.01205	0.02
0.012051	0.04
0.012052	0.04
0.012053	0.02
0.012054	0.02
0.012055	0.02
0.012056	0.02
0.012057	0.02
0.012058	0.02
0.012059	0.02
0.01206	0.02
0.012061	0.02
0.012062	0.02
0.012063	0.04
0.012064	0.04
0.012065	0.02
0.012066	0.02
0.012067	0.02
0.012068	0.02
0.012069	0.02
0.01207	0.02
0.012071	0.02
0.012072	0.02
0.012073	0.04
0.012074	0.04
0.012075	0.02
0.012076	0.02
0.012077	0.04
0.012078	0.04
0.012079	0.02
0.01208	0.02
0.012081	0.02
0.012082	0.02
0.012083	0.02
0.012084	0.02
0.012085	0.04
0.012086	0.04
0.012087	0.02
0.012088	0.02
0.012089	0.02
0.01209	0.02
0.012091	0.02
0.012092	0.02
0.012093	0
0.012094	0
0.012095	0.02
0.012096	0.02
0.012097	0.02
0.012098	0.02
0.012099	0.04
0.0121	0.04
0.012101	0.02
0.012102	0.02
0.012103	0.02
0.012104	0.02
0.012105	0.04
0.012106	0.04
0.012107	0.04
0.012108	0.04
0.012109	0.02
0.01211	0.02
0.012111	0.04
0.012112	0.04
0.012113	0.02
0.012114	0.02
0.012115	0.02
0.012116	0.02
0.012117	0
0.012118	0
0.012119	0.02
0.01212	0.02
0.012121	0.02
0.012122	0.02
0.012123	0.04
0.012124	0.04
0.012125	0.02
0.012126	0.02
0.012127	0.02
0.012128	0.02
0.012129	0.02
0.01213	0.02
0.012131	0.02
0.012132	0.02
0.012133	0.04
0.012134	0.04
0.012135	0.02
0.012136	0.02
0.012137	0.02
0.012138	0.02
0.012139	0.04
0.01214	0.04
0.012141	0.02
0.012142	0.02
0.012143	0.02
0.012144	0.02
0.012145	0.02
0.012146	0.02
0.012147	0.02
0.012148	0.02
0.012149	0.02
0.01215	0.02
0.012151	0.02
0.012152	0.02
0.012153	0.02
0.012154	0.02
0.012155	0
0.012156	0
0.012157	0.02
0.012158	0.02
0.012159	0.02
0.01216	0.02
0.012161	0.04
0.012162	0.04
0.012163	0.02
0.012164	0.02
0.012165	0.04
0.012166	0.04
0.012167	0.02
0.012168	0.02
0.012169	0.02
0.01217	0.02
0.012171	0.02
0.012172	0.02
0.012173	0.04
0.012174	0.04
0.012175	0.04
0.012176	0.04
0.012177	0
0.012178	0
0.012179	0.02
0.01218	0.02
0.012181	0
0.012182	0
0.012183	0.02
0.012184	0.02
0.012185	0.02
0.012186	0.02
0.012187	0.04
0.012188	0.04
0.012189	0.02
0.01219	0.02
0.012191	0.02
0.012192	0.02
0.012193	0.02
0.012194	0.02
0.012195	0.02
0.012196	0.02
0.012197	0.02
0.012198	0.02
0.012199	0.02
0.0122	0.02
0.012201	0.02
0.012202	0.02
0.012203	0.02
0.012204	0.02
0.012205	0.02
0.012206	0.02
0.012207	0.02
0.012208	0.02
0.012209	0
0.01221	0
0.012211	0
0.012212	0
0.012213	0.02
0.012214	0.02
0.012215	0.02
0.012216	0.02
0.012217	0.02
0.012218	0.02
0.012219	0.02
0.01222	0.02
0.012221	0
0.012222	0
0.012223	0.02
0.012224	0.02
0.012225	0.02
0.012226	0.02
0.012227	0.02
0.012228	0.02
0.012229	0.02
0.01223	0.02
0.012231	0.02
0.012232	0.02
0.012233	0
0.012234	0
0.012235	0.02
0.012236	0.02
0.012237	0.02
0.012238	0.02
0.012239	0.02
0.01224	0.02
0.012241	0.02
0.012242	0.02
0.012243	0.02
0.012244	0.02
0.012245	0.02
0.012246	0.02
0.012247	0.04
0.012248	0.04
0.012249	0.02
0.01225	0.02
0.012251	0
0.012252	0
0.012253	0.02
0.012254	0.02
0.012255	0.04
0.012256	0.04
0.012257	0.02
0.012258	0.02
0.012259	0.02
0.01226	0.02
0.012261	0.02
0.012262	0.02
0.012263	0.04
0.012264	0.04
0.012265	0.02
0.012266	0.02
0.012267	0.02
0.012268	0.02
0.012269	0.02
0.01227	0.02
0.012271	0.02
0.012272	0.02
0.012273	0.02
0.012274	0.02
0.012275	0.02
0.012276	0.02
0.012277	0.02
0.012278	0.02
0.012279	0.02
0.01228	0.02
0.012281	0.02
0.012282	0.02
0.012283	0.02
0.012284	0.02
0.012285	0.02
0.012286	0.02
0.012287	0.04
0.012288	0.04
0.012289	0
0.01229	0
0.012291	0.04
0.012292	0.04
0.012293	0
0.012294	0
0.012295	0.02
0.012296	0.02
0.012297	0.02
0.012298	0.02
0.012299	0.02
0.0123	0.02
0.012301	0.04
0.012302	0.04
0.012303	0.02
0.012304	0.02
0.012305	0.04
0.012306	0.04
0.012307	0.02
0.012308	0.02
0.012309	0.04
0.01231	0.04
0.012311	0.02
0.012312	0.02
0.012313	0
0.012314	0
0.012315	0.02
0.012316	0.02
0.012317	0.02
0.012318	0.02
0.012319	0.02
0.01232	0.02
0.012321	0.02
0.012322	0.02
0.012323	0.02
0.012324	0.02
0.012325	0.02
0.012326	0.02
0.012327	0.02
0.012328	0.02
0.012329	0.04
0.01233	0.04
0.012331	0.04
0.012332	0.04
0.012333	0.04
0.012334	0.04
0.012335	0.02
0.012336	0.02
0.012337	0.02
0.012338	0.02
0.012339	0.02
0.01234	0.02
0.012341	0.04
0.012342	0.04
0.012343	0.02
0.012344	0.02
0.012345	0.02
0.012346	0.02
0.012347	0.04
0.012348	0.04
0.012349	0.02
0.01235	0.02
0.012351	0.02
0.012352	0.02
0.012353	0.04
0.012354	0.04
0.012355	0.02
0.012356	0.02
0.012357	0.02
0.012358	0.02
0.012359	0.02
0.01236	0.02
0.012361	0.02
0.012362	0.02
0.012363	0.02
0.012364	0.02
0.012365	0.04
0.012366	0.04
0.012367	0.04
0.012368	0.04
0.012369	0.02
0.01237	0.02
0.012371	0.02
0.012372	0.02
0.012373	0.04
0.012374	0.04
0.012375	0.02
0.012376	0.02
0.012377	0.02
0.012378	0.02
0.012379	0.02
0.01238	0.02
0.012381	0.02
0.012382	0.02
0.012383	0.02
0.012384	0.02
0.012385	0.02
0.012386	0.02
0.012387	0.02
0.012388	0.02
0.012389	0.02
0.01239	0.02
0.012391	0.02
0.012392	0.02
0.012393	0.02
0.012394	0.02
0.012395	0.04
0.012396	0.04
0.012397	0
0.012398	0
0.012399	0
0.0124	0
0.012401	0.02
0.012402	0.02
0.012403	0.02
0.012404	0.02
0.012405	0.04
0.012406	0.04
0.012407	0.04
0.012408	0.04
0.012409	0.02
0.01241	0.02
0.012411	0.04
0.012412	0.04
0.012413	0.02
0.012414	0.02
0.012415	0.02
0.012416	0.02
0.012417	0.02
0.012418	0.02
0.012419	0.02
0.01242	0.02
0.012421	0.02
0.012422	0.02
0.012423	0.02
0.012424	0.02
0.012425	0.02
0.012426	0.02
0.012427	0.02
0.012428	0.02
0.012429	0.02
0.01243	0.02
0.012431	0.04
0.012432	0.04
0.012433	0.04
0.012434	0.04
0.012435	0.06
0.012436	0.06
0.012437	0.06
0.012438	0.06
0.012439	0.12
0.01244	0.12
0.012441	0.14
0.012442	0.14
0.012443	0.14
0.012444	0.14
0.012445	0.22
0.012446	0.22
0.012447	0.34
0.012448	0.34
0.012449	0.44
0.01245	0.66
0.012451	0.64
0.012452	0.64
0.012453	0.78
0.012454	1.1
0.012455	1.1
0.012456	1.54
0.012457	1.54
0.012458	1.54
0.012459	1.74
0.01246	2.1
0.012461	2.08
0.012462	2.38
0.012463	2.38
0.012464	2.6
0.012465	2.58
0.012466	2.58
0.012467	2.68
0.012468	2.68
0.012469	2.64
0.01247	2.64
0.012471	2.48
0.012472	2.04
0.012473	2.08
0.012474	1.84
0.012475	1.84
0.012476	1.84
0.012477	1.68
0.012478	1.68
0.012479	1.54
0.01248	1.54
0.012481	1.34
0.012482	1.04
0.012483	1.06
0.012484	0.82
0.012485	0.82
0.012486	0.6
0.012487	0.62
0.012488	0.62
0.012489	0.52
0.01249	0.52
0.012491	0.44
0.012492	0.44
0.012493	0.32
0.012494	0.32
0.012495	0.22
0.012496	0.22
0.012497	0.14
0.012498	0.14
0.012499	0.1
0.0125	0.1
0.012501	0.08
0.012502	0.08
0.012503	0.06
0.012504	0.06
0.012505	0.06
0.012506	0.06
0.012507	0.06
0.012508	0.06
0.012509	0.04
0.01251	0.04
0.012511	0.04
0.012512	0.04
0.012513	0.04
0.012514	0.04
0.012515	0.04
0.012516	0.04
0.012517	0.06
0.012518	0.06
0.012519	0.04
0.01252	0.04
0.012521	0.04
0.012522	0.04
0.012523	0.04
0.012524	0.04
0.012525	0.04
0.012526	0.04
0.012527	0.04
0.012528	0.04
0.012529	0.04
0.01253	0.04
0.012531	0.04
0.012532	0.04
0.012533	0.04
0.012534	0.04
0.012535	0.04
0.012536	0.04
0.012537	0.02
0.012538	0.02
0.012539	0.02
0.01254	0.02
0.012541	0.04
0.012542	0.04
0.012543	0.04
0.012544	0.04
0.012545	0.04
0.012546	0.04
0.012547	0.04
0.012548	0.04
0.012549	0.04
0.01255	0.04
0.012551	0.04
0.012552	0.04
0.012553	0.04
0.012554	0.04
0.012555	0.02
0.012556	0.02
0.012557	0
0.012558	0
0.012559	0.04
0.01256	0.04
0.012561	0.04
0.012562	0.04
0.012563	0.02
0.012564	0.02
0.012565	0.02
0.012566	0.02
0.012567	0.02
0.012568	0.02
0.012569	0.02
0.01257	0.02
0.012571	0.04
0.012572	0.04
0.012573	0.02
0.012574	0.02
0.012575	0.02
0.012576	0.02
0.012577	0.02
0.012578	0.02
0.012579	0.04
0.01258	0.04
0.012581	0.02
0.012582	0.02
0.012583	0.02
0.012584	0.02
0.012585	0.02
0.012586	0.02
0.012587	0.02
0.012588	0.02
0.012589	0.04
0.01259	0.04
0.012591	0.04
0.012592	0.04
0.012593	0.02
0.012594	0.02
0.012595	0.04
0.012596	0.04
0.012597	0.02
0.012598	0.02
0.012599	0.02
0.0126	0.02
0.012601	0.02
0.012602	0.02
0.012603	0.04
0.012604	0.04
0.012605	0.04
0.012606	0.04
0.012607	0.02
0.012608	0.02
0.012609	0.04
0.01261	0.04
0.012611	0.02
0.012612	0.02
0.012613	0.04
0.012614	0.04
0.012615	0.04
0.012616	0.04
0.012617	0.02
0.012618	0.02
0.012619	0.04
0.01262	0.04
0.012621	0.02
0.012622	0.02
0.012623	0
0.012624	0
0.012625	0.02
0.012626	0.02
0.012627	0.02
0.012628	0.02
0.012629	0.04
0.01263	0.04
0.012631	0.02
0.012632	0.02
0.012633	0.02
0.012634	0.02
0.012635	0.02
0.012636	0.02
0.012637	0.02
0.012638	0.02
0.012639	0.04
0.01264	0.04
0.012641	0.04
0.012642	0.04
0.012643	0.04
0.012644	0.04
0.012645	0.02
0.012646	0.02
0.012647	0.04
0.012648	0.04
0.012649	0.04
0.01265	0.04
0.012651	0.02
0.012652	0.02
0.012653	0.02
0.012654	0.02
0.012655	0.04
0.012656	0.04
0.012657	0.02
0.012658	0.02
0.012659	0
0.01266	0
0.012661	0.02
0.012662	0.02
0.012663	0.02
0.012664	0.02
0.012665	0.02
0.012666	0.02
0.012667	0
0.012668	0
0.012669	0.02
0.01267	0.02
0.012671	0.02
0.012672	0.02
0.012673	0.02
0.012674	0.02
0.012675	0.04
0.012676	0.04
0.012677	0.02
0.012678	0.02
0.012679	0.02
0.01268	0.02
0.012681	0.02
0.012682	0.02
0.012683	0.02
0.012684	0.02
0.012685	0.02
0.012686	0.02
0.012687	0.04
0.012688	0.04
0.012689	0.02
0.01269	0.02
0.012691	0.02
0.012692	0.02
0.012693	0.02
0.012694	0.02
0.012695	0.02
0.012696	0.02
0.012697	0.02
0.012698	0.02
0.012699	0.02
0.0127	0.02
0.012701	0.02
0.012702	0.02
0.012703	0.02
0.012704	0.02
0.012705	0.02
0.012706	0.02
0.012707	0
0.012708	0
0.012709	0.02
0.01271	0.02
0.012711	0.02
0.012712	0.02
0.012713	0.02
0.012714	0.02
0.012715	0.02
0.012716	0.02
0.012717	0.02
0.012718	0.02
0.012719	0.02
0.01272	0.02
0.012721	0.04
0.012722	0.04
0.012723	0.02
0.012724	0.02
0.012725	0.04
0.012726	0.04
0.012727	0.04
0.012728	0.04
0.012729	0.04
0.01273	0.04
0.012731	0.02
0.012732	0.02
0.012733	0.02
0.012734	0.02
0.012735	0.02
0.012736	0.02
0.012737	0.04
0.012738	0.04
0.012739	0.02
0.01274	0.02
0.012741	0.02
0.012742	0.02
0.012743	0.02
0.012744	0.02
0.012745	0.02
0.012746	0.02
0.012747	0.04
0.012748	0.04
0.012749	0.02
0.01275	0.02
0.012751	0.02
0.012752	0.02
0.012753	0.02
0.012754	0.02
0.012755	0.02
0.012756	0.02
0.012757	0.02
0.012758	0.02
0.012759	0.02
0.01276	0.02
0.012761	0.04
0.012762	0.04
0.012763	0
0.012764	0
0.012765	0.04
0.012766	0.04
0.012767	0.02
0.012768	0.02
0.012769	0.04
0.01277	0.04
0.012771	0.02
0.012772	0.02
0.012773	0.02
0.012774	0.02
0.012775	0.02
0.012776	0.02
0.012777	0
0.012778	0
0.012779	0.04
0.01278	0.04
0.012781	0.02
0.012782	0.02
0.012783	0.02
0.012784	0.02
0.012785	0.02
0.012786	0.02
0.012787	0.02
0.012788	0.02
0.012789	0.02
0.01279	0.02
0.012791	0.04
0.012792	0.04
0.012793	0
0.012794	0
0.012795	0.02
0.012796	0.02
0.012797	0.04
0.012798	0.04
0.012799	0.04
0.0128	0.04
0.012801	0.04
0.012802	0.04
0.012803	0.02
0.012804	0.02
0.012805	0.02
0.012806	0.02
0.012807	0.02
0.012808	0.02
0.012809	0.02
0.01281	0.02
0.012811	0.02
0.012812	0.02
0.012813	0.02
0.012814	0.02
0.012815	0.02
0.012816	0.02
0.012817	0.04
0.012818	0.04
0.012819	0.02
0.01282	0.02
0.012821	0.04
0.012822	0.04
0.012823	0.04
0.012824	0.04
0.012825	0.04
0.012826	0.04
0.012827	0.02
0.012828	0.02
0.012829	0.02
0.01283	0.02
0.012831	0.04
0.012832	0.04
0.012833	0.04
0.012834	0.04
0.012835	0.04
0.012836	0.04
0.012837	0.04
0.012838	0.04
0.012839	0.02
0.01284	0.02
0.012841	0
0.012842	0
0.012843	0.04
0.012844	0.04
0.012845	0.04
0.012846	0.04
0.012847	0.04
0.012848	0.04
0.012849	0.02
0.01285	0.02
0.012851	0.04
0.012852	0.04
0.012853	0.04
0.012854	0.04
0.012855	0.04
0.012856	0.04
0.012857	0.06
0.012858	0.06
0.012859	0.04
0.01286	0.04
0.012861	0.06
0.012862	0.06
0.012863	0.08
0.012864	0.08
0.012865	0.12
0.012866	0.12
0.012867	0.16
0.012868	0.16
0.012869	0.2
0.01287	0.2
0.012871	0.26
0.012872	0.26
0.012873	0.32
0.012874	0.32
0.012875	0.38
0.012876	0.38
0.012877	0.5
0.012878	0.5
0.012879	0.58
0.01288	0.58
0.012881	0.68
0.012882	0.68
0.012883	0.86
0.012884	0.86
0.012885	1.06
0.012886	1.06
0.012887	1.24
0.012888	1.24
0.012889	1.34
0.01289	1.34
0.012891	1.54
0.012892	1.54
0.012893	1.62
0.012894	1.84
0.012895	1.84
0.012896	2.08
0.012897	2.08
0.012898	2.08
0.012899	2.18
0.0129	2.42
0.012901	2.44
0.012902	2.68
0.012903	2.64
0.012904	2.64
0.012905	2.74
0.012906	2.74
0.012907	2.76
0.012908	2.76
0.012909	2.62
0.01291	2.62
0.012911	2.44
0.012912	2.2
0.012913	2.22
0.012914	2.22
0.012915	2.06
0.012916	2.06
0.012917	1.9
0.012918	1.58
0.012919	1.58
0.01292	1.3
0.012921	1.3
0.012922	1.04
0.012923	1.06
0.012924	0.82
0.012925	0.84
0.012926	0.62
0.012927	0.64
0.012928	0.64
0.012929	0.5
0.01293	0.5
0.012931	0.4
0.012932	0.4
0.012933	0.3
0.012934	0.3
0.012935	0.22
0.012936	0.22
0.012937	0.2
0.012938	0.2
0.012939	0.18
0.01294	0.18
0.012941	0.16
0.012942	0.16
0.012943	0.12
0.012944	0.12
0.012945	0.1
0.012946	0.1
0.012947	0.08
0.012948	0.08
0.012949	0.06
0.01295	0.06
0.012951	0.06
0.012952	0.06
0.012953	0.04
0.012954	0.04
0.012955	0.04
0.012956	0.04
0.012957	0.02
0.012958	0.02
0.012959	0.04
0.01296	0.04
0.012961	0.02
0.012962	0.02
0.012963	0.04
0.012964	0.04
0.012965	0.02
0.012966	0.02
0.012967	0.02
0.012968	0.02
0.012969	0.04
0.01297	0.04
0.012971	0.04
0.012972	0.04
0.012973	0.04
0.012974	0.04
0.012975	0.02
0.012976	0.02
0.012977	0.02
0.012978	0.02
0.012979	0.04
0.01298	0.04
0.012981	0.02
0.012982	0.02
0.012983	0.02
0.012984	0.02
0.012985	0.04
0.012986	0.04
0.012987	0.04
0.012988	0.04
0.012989	0.02
0.01299	0.02
0.012991	0.02
0.012992	0.02
0.012993	0.02
0.012994	0.02
0.012995	0.02
0.012996	0.02
0.012997	0.02
0.012998	0.02
0.012999	0.02
0.013	0.02
0.013001	0.04
0.013002	0.04
0.013003	0
0.013004	0
0.013005	0.04
0.013006	0.04
0.013007	0.04
0.013008	0.04
0.013009	0.04
0.01301	0.04
0.013011	0.02
0.013012	0.02
0.013013	0.04
0.013014	0.04
0.013015	0.02
0.013016	0.02
0.013017	0.02
0.013018	0.02
0.013019	0.02
0.01302	0.02
0.013021	0
0.013022	0
0.013023	0.02
0.013024	0.02
0.013025	0.02
0.013026	0.02
0.013027	0.02
0.013028	0.02
0.013029	0.02
0.01303	0.02
0.013031	0.02
0.013032	0.02
0.013033	0.02
0.013034	0.02
0.013035	0.04
0.013036	0.04
0.013037	0.02
0.013038	0.02
0.013039	0.02
0.01304	0.02
0.013041	0.02
0.013042	0.02
0.013043	0.02
0.013044	0.02
0.013045	0.02
0.013046	0.02
0.013047	0.02
0.013048	0.02
0.013049	0.02
0.01305	0.02
0.013051	0.02
0.013052	0.02
0.013053	0.02
0.013054	0.02
0.013055	0.02
0.013056	0.02
0.013057	0.02
0.013058	0.02
0.013059	0.02
0.01306	0.02
0.013061	0.02
0.013062	0.02
0.013063	0.04
0.013064	0.04
0.013065	0.04
0.013066	0.04
0.013067	0.02
0.013068	0.02
0.013069	0.02
0.01307	0.02
0.013071	0.04
0.013072	0.04
0.013073	0
0.013074	0
0.013075	0.02
0.013076	0.02
0.013077	0.04
0.013078	0.04
0.013079	0.02
0.01308	0.02
0.013081	0.02
0.013082	0.02
0.013083	0.02
0.013084	0.02
0.013085	0
0.013086	0
0.013087	0.02
0.013088	0.02
0.013089	0
0.01309	0
0.013091	0.04
0.013092	0.04
0.013093	0.02
0.013094	0.02
0.013095	0.02
0.013096	0.02
0.013097	0.04
0.013098	0.04
0.013099	0.02
0.0131	0.02
0.013101	0.04
0.013102	0.04
0.013103	0.02
0.013104	0.02
0.013105	0.02
0.013106	0.02
0.013107	0.02
0.013108	0.02
0.013109	0.02
0.01311	0.02
0.013111	0.04
0.013112	0.04
0.013113	0.04
0.013114	0.04
0.013115	0.04
0.013116	0.04
0.013117	0.02
0.013118	0.02
0.013119	0.02
0.01312	0.02
0.013121	0.02
0.013122	0.02
0.013123	0.02
0.013124	0.02
0.013125	0.04
0.013126	0.04
0.013127	0.02
0.013128	0.02
0.013129	0.02
0.01313	0.02
0.013131	0.02
0.013132	0.02
0.013133	0.04
0.013134	0.04
0.013135	0.02
0.013136	0.02
0.013137	0.02
0.013138	0.02
0.013139	0.02
0.01314	0.02
0.013141	0.02
0.013142	0.02
0.013143	0.04
0.013144	0.04
0.013145	0.04
0.013146	0.04
0.013147	0.02
0.013148	0.02
0.013149	0.02
0.01315	0.02
0.013151	0.02
0.013152	0.02
0.013153	0.02
0.013154	0.02
0.013155	0.02
0.013156	0.02
0.013157	0.02
0.013158	0.02
0.013159	0.04
0.01316	0.04
0.013161	0
0.013162	0
0.013163	0.02
0.013164	0.02
0.013165	0.02
0.013166	0.02
0.013167	0.02
0.013168	0.02
0.013169	0.02
0.01317	0.02
0.013171	0.02
0.013172	0.02
0.013173	0.02
0.013174	0.02
0.013175	0.02
0.013176	0.02
0.013177	0.02
0.013178	0.02
0.013179	0.04
0.01318	0.04
0.013181	0.02
0.013182	0.02
0.013183	0.04
0.013184	0.04
0.013185	0.04
0.013186	0.04
0.013187	0.02
0.013188	0.02
0.013189	0.02
0.01319	0.02
0.013191	0.02
0.013192	0.02
0.013193	0.02
0.013194	0.02
0.013195	0.02
0.013196	0.02
0.013197	0.02
0.013198	0.02
0.013199	0.02
0.0132	0.02
0.013201	0.02
0.013202	0.02
0.013203	0.02
0.013204	0.02
0.013205	0.02
0.013206	0.02
0.013207	0.02
0.013208	0.02
0.013209	0.04
0.01321	0.04
0.013211	0.02
0.013212	0.02
0.013213	0.04
0.013214	0.04
0.013215	0.02
0.013216	0.02
0.013217	0
0.013218	0
0.013219	0.04
0.01322	0.04
0.013221	0.02
0.013222	0.02
0.013223	0.02
0.013224	0.02
0.013225	0.02
0.013226	0.02
0.013227	0.02
0.013228	0.02
0.013229	0.02
0.01323	0.02
0.013231	0
0.013232	0
0.013233	0.02
0.013234	0.02
0.013235	0.04
0.013236	0.04
0.013237	0.02
0.013238	0.02
0.013239	0.04
0.01324	0.04
0.013241	0.02
0.013242	0.02
0.013243	0.04
0.013244	0.04
0.013245	0.02
0.013246	0.02
0.013247	0.02
0.013248	0.02
0.013249	0.02
0.01325	0.02
0.013251	0
0.013252	0
0.013253	0.02
0.013254	0.02
0.013255	0.04
0.013256	0.04
0.013257	0
0.013258	0
0.013259	0.02
0.01326	0.02
0.013261	0.02
0.013262	0.02
0.013263	0
0.013264	0
0.013265	0.04
0.013266	0.04
0.013267	0.04
0.013268	0.04
0.013269	0.02
0.01327	0.02
0.013271	0.04
0.013272	0.04
0.013273	0.02
0.013274	0.02
0.013275	0.04
0.013276	0.04
0.013277	0.04
0.013278	0.04
0.013279	0.02
0.01328	0.02
0.013281	0.02
0.013282	0.02
0.013283	0.04
0.013284	0.04
0.013285	0.04
0.013286	0.04
0.013287	0.02
0.013288	0.02
0.013289	0.04
0.01329	0.04
0.013291	0.04
0.013292	0.04
0.013293	0.02
0.013294	0.02
0.013295	0.02
0.013296	0.02
0.013297	0.02
0.013298	0.02
0.013299	0.02
0.0133	0.02
0.013301	0.04
0.013302	0.04
0.013303	0.02
0.013304	0.02
0.013305	0.02
0.013306	0.02
0.013307	0.04
0.013308	0.04
0.013309	0.02
0.01331	0.02
0.013311	0.02
0.013312	0.02
0.013313	0
0.013314	0
0.013315	0.02
0.013316	0.02
0.013317	0.04
0.013318	0.04
0.013319	0.04
0.01332	0.04
0.013321	0.04
0.013322	0.04
0.013323	0.02
0.013324	0.02
0.013325	0.02
0.013326	0.02
0.013327	0.02
0.013328	0.02
0.013329	0.02
0.01333	0.02
0.013331	0.04
0.013332	0.04
0.013333	0.02
0.013334	0.02
0.013335	0.02
0.013336	0.02
0.013337	0.02
0.013338	0.02
0.013339	0.02
0.01334	0.02
0.013341	0.04
0.013342	0.04
0.013343	0.02
0.013344	0.02
0.013345	0.02
0.013346	0.02
0.013347	0.02
0.013348	0.02
0.013349	0.02
0.01335	0.02
0.013351	0
0.013352	0
0.013353	0.02
0.013354	0.02
0.013355	0.02
0.013356	0.02
0.013357	0.04
0.013358	0.04
0.013359	0.04
0.01336	0.04
0.013361	0.02
0.013362	0.02
0.013363	0.02
0.013364	0.02
0.013365	0.02
0.013366	0.02
0.013367	0.04
0.013368	0.04
0.013369	0.02
0.01337	0.02
0.013371	0.02
0.013372	0.02
0.013373	0.02
0.013374	0.02
0.013375	0.02
0.013376	0.02
0.013377	0
0.013378	0
0.013379	0.02
0.01338	0.02
0.013381	0
0.013382	0
0.013383	0.04
0.013384	0.04
0.013385	0.02
0.013386	0.02
0.013387	0.02
0.013388	0.02
0.013389	0.02
0.01339	0.02
0.013391	0.04
0.013392	0.04
0.013393	0.02
0.013394	0.02
0.013395	0.04
0.013396	0.04
0.013397	0.02
0.013398	0.02
0.013399	0.02
0.0134	0.02
0.013401	0.02
0.013402	0.02
0.013403	0.02
0.013404	0.02
0.013405	0.04
0.013406	0.04
0.013407	0.02
0.013408	0.02
0.013409	0.04
0.01341	0.04
0.013411	0.02
0.013412	0.02
0.013413	0
0.013414	0
0.013415	0.02
0.013416	0.02
0.013417	0.02
0.013418	0.02
0.013419	0.04
0.01342	0.04
0.013421	0.02
0.013422	0.02
0.013423	0.02
0.013424	0.02
0.013425	0.02
0.013426	0.02
0.013427	0.04
0.013428	0.04
0.013429	0.02
0.01343	0.02
0.013431	0.02
0.013432	0.02
0.013433	0.02
0.013434	0.02
0.013435	0.02
0.013436	0.02
0.013437	0.02
0.013438	0.02
0.013439	0.02
0.01344	0.02
0.013441	0.02
0.013442	0.02
0.013443	0.02
0.013444	0.02
0.013445	0.02
0.013446	0.02
0.013447	0.04
0.013448	0.04
0.013449	0.02
0.01345	0.02
0.013451	0.02
0.013452	0.02
0.013453	0.02
0.013454	0.02
0.013455	0.02
0.013456	0.02
0.013457	0.02
0.013458	0.02
0.013459	0.02
0.01346	0.02
0.013461	0.04
0.013462	0.04
0.013463	0.02
0.013464	0.02
0.013465	0.04
0.013466	0.04
0.013467	0.02
0.013468	0.02
0.013469	0.02
0.01347	0.02
0.013471	0.02
0.013472	0.02
0.013473	0.04
0.013474	0.04
0.013475	0.04
0.013476	0.04
0.013477	0.02
0.013478	0.02
0.013479	0.02
0.01348	0.02
0.013481	0
0.013482	0
0.013483	0.04
0.013484	0.04
0.013485	0.02
0.013486	0.02
0.013487	0.02
0.013488	0.02
0.013489	0
0.01349	0
0.013491	0.04
0.013492	0.04
0.013493	0.02
0.013494	0.02
0.013495	0.04
0.013496	0.04
0.013497	0.02
0.013498	0.02
0.013499	0.04
0.0135	0.04
0.013501	0.02
0.013502	0.02
0.013503	0.02
0.013504	0.02
0.013505	0.02
0.013506	0.02
0.013507	0
0.013508	0
0.013509	0.02
0.01351	0.02
0.013511	0.02
0.013512	0.02
0.013513	0.02
0.013514	0.02
0.013515	0.02
0.013516	0.02
0.013517	0.02
0.013518	0.02
0.013519	0.02
0.01352	0.02
0.013521	0.02
0.013522	0.02
0.013523	0.02
0.013524	0.02
0.013525	0.02
0.013526	0.02
0.013527	0.02
0.013528	0.02
0.013529	0
0.01353	0
0.013531	0.02
0.013532	0.02
0.013533	0.04
0.013534	0.04
0.013535	0.02
0.013536	0.02
0.013537	0.02
0.013538	0.02
0.013539	0.02
0.01354	0.02
0.013541	0.02
0.013542	0.02
0.013543	0.02
0.013544	0.02
0.013545	0.02
0.013546	0.02
0.013547	0.02
0.013548	0.02
0.013549	0.02
0.01355	0.02
0.013551	0.02
0.013552	0.02
0.013553	0.02
0.013554	0.02
0.013555	0.04
0.013556	0.04
0.013557	0.02
0.013558	0.02
0.013559	0.04
0.01356	0.04
0.013561	0.02
0.013562	0.02
0.013563	0.02
0.013564	0.02
0.013565	0.02
0.013566	0.02
0.013567	0.02
0.013568	0.02
0.013569	0.04
0.01357	0.04
0.013571	0
0.013572	0
0.013573	0.02
0.013574	0.02
0.013575	0.04
0.013576	0.04
0.013577	0.02
0.013578	0.02
0.013579	0.02
0.01358	0.02
0.013581	0.02
0.013582	0.02
0.013583	0.02
0.013584	0.02
0.013585	0.02
0.013586	0.02
0.013587	0.02
0.013588	0.02
0.013589	0.02
0.01359	0.02
0.013591	0
0.013592	0
0.013593	0.02
0.013594	0.02
0.013595	0
0.013596	0
0.013597	0.02
0.013598	0.02
0.013599	0.02
0.0136	0.02
0.013601	0.04
0.013602	0.04
0.013603	0.02
0.013604	0.02
0.013605	0.02
0.013606	0.02
0.013607	0.02
0.013608	0.02
0.013609	0.02
0.01361	0.02
0.013611	0.02
0.013612	0.02
0.013613	0
0.013614	0
0.013615	0.02
0.013616	0.02
0.013617	0.02
0.013618	0.02
0.013619	0.04
0.01362	0.04
0.013621	0
0.013622	0
0.013623	0
0.013624	0
0.013625	0.02
0.013626	0.02
0.013627	0.02
0.013628	0.02
0.013629	0.02
0.01363	0.02
0.013631	0.02
0.013632	0.02
0.013633	0.02
0.013634	0.02
0.013635	0.02
0.013636	0.02
0.013637	0.02
0.013638	0.02
0.013639	0.04
0.01364	0.04
0.013641	0.02
0.013642	0.02
0.013643	0.02
0.013644	0.02
0.013645	0.02
0.013646	0.02
0.013647	0
0.013648	0
0.013649	0
0.01365	0
0.013651	0
0.013652	0
0.013653	0.02
0.013654	0.02
0.013655	0.02
0.013656	0.02
0.013657	0
0.013658	0
0.013659	0.02
0.01366	0.02
0.013661	0.02
0.013662	0.02
0.013663	0
0.013664	0
0.013665	0.02
0.013666	0.02
0.013667	0.02
0.013668	0.02
0.013669	0.02
0.01367	0.02
0.013671	0.02
0.013672	0.02
0.013673	0.02
0.013674	0.02
0.013675	0.02
0.013676	0.02
0.013677	0.04
0.013678	0.04
0.013679	0
0.01368	0
0.013681	0
0.013682	0
0.013683	0.02
0.013684	0.02
0.013685	0.02
0.013686	0.02
0.013687	0.02
0.013688	0.02
0.013689	0
0.01369	0
0.013691	0.02
0.013692	0.02
0.013693	0.02
0.013694	0.02
0.013695	0
0.013696	0
0.013697	0.02
0.013698	0.02
0.013699	0.02
0.0137	0.02
0.013701	0.02
0.013702	0.02
0.013703	0.02
0.013704	0.02
0.013705	0.02
0.013706	0.02
0.013707	0.02
0.013708	0.02
0.013709	0.02
0.01371	0.02
0.013711	0.02
0.013712	0.02
0.013713	0.04
0.013714	0.04
0.013715	0.04
0.013716	0.04
0.013717	0
0.013718	0
0.013719	0
0.01372	0
0.013721	0.02
0.013722	0.02
0.013723	0.04
0.013724	0.04
0.013725	0.02
0.013726	0.02
0.013727	0.02
0.013728	0.02
0.013729	0.02
0.01373	0.02
0.013731	0.04
0.013732	0.04
0.013733	0
0.013734	0
0.013735	0.02
0.013736	0.02
0.013737	0.02
0.013738	0.02
0.013739	0.02
0.01374	0.02
0.013741	0.02
0.013742	0.02
0.013743	0.02
0.013744	0.02
0.013745	0.02
0.013746	0.02
0.013747	0
0.013748	0
0.013749	0.02
0.01375	0.02
0.013751	0.02
0.013752	0.02
0.013753	0.02
0.013754	0.02
0.013755	0.02
0.013756	0.02
0.013757	0.02
0.013758	0.02
0.013759	0.02
0.01376	0.02
0.013761	0
0.013762	0
0.013763	0.02
0.013764	0.02
0.013765	0.02
0.013766	0.02
0.013767	0.02
0.013768	0.02
0.013769	0
0.01377	0
0.013771	0.04
0.013772	0.04
0.013773	0.02
0.013774	0.02
0.013775	0.02
0.013776	0.02
0.013777	0.02
0.013778	0.02
0.013779	0.02
0.01378	0.02
0.013781	0
0.013782	0
0.013783	0.04
0.013784	0.04
0.013785	0.02
0.013786	0.02
0.013787	0.02
0.013788	0.02
0.013789	0.02
0.01379	0.02
0.013791	0
0.013792	0
0.013793	0.04
0.013794	0.04
0.013795	0
0.013796	0
0.013797	0
0.013798	0
0.013799	0.02
0.0138	0.02
0.013801	0.02
0.013802	0.02
0.013803	0
0.013804	0
0.013805	0.04
0.013806	0.04
0.013807	0.02
0.013808	0.02
0.013809	0.02
0.01381	0.02
0.013811	0.02
0.013812	0.02
0.013813	0.02
0.013814	0.02
0.013815	0
0.013816	0
0.013817	0
0.013818	0
0.013819	0.02
0.01382	0.02
0.013821	0.02
0.013822	0.02
0.013823	0.02
0.013824	0.02
0.013825	0.02
0.013826	0.02
0.013827	0.02
0.013828	0.02
0.013829	0.02
0.01383	0.02
0.013831	0.02
0.013832	0.02
0.013833	0.04
0.013834	0.04
0.013835	0.02
0.013836	0.02
0.013837	0.02
0.013838	0.02
0.013839	0.02
0.01384	0.02
0.013841	0.02
0.013842	0.02
0.013843	0.02
0.013844	0.02
0.013845	0.02
0.013846	0.02
0.013847	0.02
0.013848	0.02
0.013849	0.02
0.01385	0.02
0.013851	0.02
0.013852	0.02
0.013853	0.04
0.013854	0.04
0.013855	0.02
0.013856	0.02
0.013857	0.04
0.013858	0.04
0.013859	0.02
0.01386	0.02
0.013861	0.02
0.013862	0.02
0.013863	0.04
0.013864	0.04
0.013865	0.02
0.013866	0.02
0.013867	0.02
0.013868	0.02
0.013869	0.02
0.01387	0.02
0.013871	0.02
0.013872	0.02
0.013873	0
0.013874	0
0.013875	0.02
0.013876	0.02
0.013877	0.02
0.013878	0.02
0.013879	0.02
